Dynamical matrix file
                                                                           
  2    2  2 10.6867000  0.0000000  0.0000000  0.0000000  0.0000000  0.0000000
           1  'Ga  '    63548.6268941884     
           2  'As  '    68286.8563741160     
    1    1      0.0000000000      0.0000000000      0.0000000000
    2    2      0.2500000000      0.2500000000      0.2500000000

     Dynamical  Matrix in cartesian axes

     q = (   -0.250000000   0.250000000  -0.250000000 ) 

    1    1
  0.20710556  0.00000000   -0.01953401  0.00000000    0.01953401  0.00000000
 -0.01953401  0.00000000    0.20710556  0.00000000   -0.01953401  0.00000000
  0.01953401  0.00000000   -0.01953401  0.00000000    0.20710556  0.00000000
    1    2
 -0.15376516 -0.05017464   -0.02965330  0.03886936    0.02965330 -0.03886936
 -0.02965330  0.03886936   -0.15376516 -0.05017464   -0.02965330  0.03886936
  0.02965330 -0.03886936   -0.02965330  0.03886936   -0.15376516 -0.05017464
    2    1
 -0.15376516  0.05017464   -0.02965330 -0.03886936    0.02965330  0.03886936
 -0.02965330 -0.03886936   -0.15376516  0.05017464   -0.02965330 -0.03886936
  0.02965330  0.03886936   -0.02965330 -0.03886936   -0.15376516  0.05017464
    2    2
  0.22120024  0.00000000   -0.01621900  0.00000000    0.01621900  0.00000000
 -0.01621900  0.00000000    0.22120024  0.00000000   -0.01621900  0.00000000
  0.01621900  0.00000000   -0.01621900  0.00000000    0.22120024  0.00000000

     Dynamical  Matrix in cartesian axes

     q = (    0.250000000  -0.250000000   0.250000000 ) 

    1    1
  0.20710556  0.00000000   -0.01953401  0.00000000    0.01953401  0.00000000
 -0.01953401  0.00000000    0.20710556  0.00000000   -0.01953401  0.00000000
  0.01953401  0.00000000   -0.01953401  0.00000000    0.20710556  0.00000000
    1    2
 -0.15376516  0.05017464   -0.02965330 -0.03886936    0.02965330  0.03886936
 -0.02965330 -0.03886936   -0.15376516  0.05017464   -0.02965330 -0.03886936
  0.02965330  0.03886936   -0.02965330 -0.03886936   -0.15376516  0.05017464
    2    1
 -0.15376516 -0.05017464   -0.02965330  0.03886936    0.02965330 -0.03886936
 -0.02965330  0.03886936   -0.15376516 -0.05017464   -0.02965330  0.03886936
  0.02965330 -0.03886936   -0.02965330  0.03886936   -0.15376516 -0.05017464
    2    2
  0.22120024  0.00000000   -0.01621900  0.00000000    0.01621900  0.00000000
 -0.01621900  0.00000000    0.22120024  0.00000000   -0.01621900  0.00000000
  0.01621900  0.00000000   -0.01621900  0.00000000    0.22120024  0.00000000

     Dynamical  Matrix in cartesian axes

     q = (    0.250000000  -0.250000000  -0.250000000 ) 

    1    1
  0.20710556  0.00000000   -0.01953401  0.00000000   -0.01953401  0.00000000
 -0.01953401  0.00000000    0.20710556  0.00000000    0.01953401  0.00000000
 -0.01953401  0.00000000    0.01953401  0.00000000    0.20710556  0.00000000
    1    2
 -0.15376516 -0.05017464   -0.02965330  0.03886936   -0.02965330  0.03886936
 -0.02965330  0.03886936   -0.15376516 -0.05017464    0.02965330 -0.03886936
 -0.02965330  0.03886936    0.02965330 -0.03886936   -0.15376516 -0.05017464
    2    1
 -0.15376516  0.05017464   -0.02965330 -0.03886936   -0.02965330 -0.03886936
 -0.02965330 -0.03886936   -0.15376516  0.05017464    0.02965330  0.03886936
 -0.02965330 -0.03886936    0.02965330  0.03886936   -0.15376516  0.05017464
    2    2
  0.22120024  0.00000000   -0.01621900  0.00000000   -0.01621900  0.00000000
 -0.01621900  0.00000000    0.22120024  0.00000000    0.01621900  0.00000000
 -0.01621900  0.00000000    0.01621900  0.00000000    0.22120024  0.00000000

     Dynamical  Matrix in cartesian axes

     q = (   -0.250000000   0.250000000   0.250000000 ) 

    1    1
  0.20710556  0.00000000   -0.01953401  0.00000000   -0.01953401  0.00000000
 -0.01953401  0.00000000    0.20710556  0.00000000    0.01953401  0.00000000
 -0.01953401  0.00000000    0.01953401  0.00000000    0.20710556  0.00000000
    1    2
 -0.15376516  0.05017464   -0.02965330 -0.03886936   -0.02965330 -0.03886936
 -0.02965330 -0.03886936   -0.15376516  0.05017464    0.02965330  0.03886936
 -0.02965330 -0.03886936    0.02965330  0.03886936   -0.15376516  0.05017464
    2    1
 -0.15376516 -0.05017464   -0.02965330  0.03886936   -0.02965330  0.03886936
 -0.02965330  0.03886936   -0.15376516 -0.05017464    0.02965330 -0.03886936
 -0.02965330  0.03886936    0.02965330 -0.03886936   -0.15376516 -0.05017464
    2    2
  0.22120024  0.00000000   -0.01621900  0.00000000   -0.01621900  0.00000000
 -0.01621900  0.00000000    0.22120024  0.00000000    0.01621900  0.00000000
 -0.01621900  0.00000000    0.01621900  0.00000000    0.22120024  0.00000000

     Dynamical  Matrix in cartesian axes

     q = (   -0.250000000  -0.250000000   0.250000000 ) 

    1    1
  0.20710556  0.00000000    0.01953401  0.00000000   -0.01953401  0.00000000
  0.01953401  0.00000000    0.20710556  0.00000000   -0.01953401  0.00000000
 -0.01953401  0.00000000   -0.01953401  0.00000000    0.20710556  0.00000000
    1    2
 -0.15376516 -0.05017464    0.02965330 -0.03886936   -0.02965330  0.03886936
  0.02965330 -0.03886936   -0.15376516 -0.05017464   -0.02965330  0.03886936
 -0.02965330  0.03886936   -0.02965330  0.03886936   -0.15376516 -0.05017464
    2    1
 -0.15376516  0.05017464    0.02965330  0.03886936   -0.02965330 -0.03886936
  0.02965330  0.03886936   -0.15376516  0.05017464   -0.02965330 -0.03886936
 -0.02965330 -0.03886936   -0.02965330 -0.03886936   -0.15376516  0.05017464
    2    2
  0.22120024  0.00000000    0.01621900  0.00000000   -0.01621900  0.00000000
  0.01621900  0.00000000    0.22120024  0.00000000   -0.01621900  0.00000000
 -0.01621900  0.00000000   -0.01621900  0.00000000    0.22120024  0.00000000

     Dynamical  Matrix in cartesian axes

     q = (    0.250000000   0.250000000  -0.250000000 ) 

    1    1
  0.20710556  0.00000000    0.01953401  0.00000000   -0.01953401  0.00000000
  0.01953401  0.00000000    0.20710556  0.00000000   -0.01953401  0.00000000
 -0.01953401  0.00000000   -0.01953401  0.00000000    0.20710556  0.00000000
    1    2
 -0.15376516  0.05017464    0.02965330  0.03886936   -0.02965330 -0.03886936
  0.02965330  0.03886936   -0.15376516  0.05017464   -0.02965330 -0.03886936
 -0.02965330 -0.03886936   -0.02965330 -0.03886936   -0.15376516  0.05017464
    2    1
 -0.15376516 -0.05017464    0.02965330 -0.03886936   -0.02965330  0.03886936
  0.02965330 -0.03886936   -0.15376516 -0.05017464   -0.02965330  0.03886936
 -0.02965330  0.03886936   -0.02965330  0.03886936   -0.15376516 -0.05017464
    2    2
  0.22120024  0.00000000    0.01621900  0.00000000   -0.01621900  0.00000000
  0.01621900  0.00000000    0.22120024  0.00000000   -0.01621900  0.00000000
 -0.01621900  0.00000000   -0.01621900  0.00000000    0.22120024  0.00000000

     Dynamical  Matrix in cartesian axes

     q = (    0.250000000   0.250000000   0.250000000 ) 

    1    1
  0.20710556  0.00000000    0.01953401  0.00000000    0.01953401  0.00000000
  0.01953401  0.00000000    0.20710556  0.00000000    0.01953401  0.00000000
  0.01953401  0.00000000    0.01953401  0.00000000    0.20710556  0.00000000
    1    2
 -0.05017464  0.15376516   -0.03886936 -0.02965330   -0.03886936 -0.02965330
 -0.03886936 -0.02965330   -0.05017464  0.15376516   -0.03886936 -0.02965330
 -0.03886936 -0.02965330   -0.03886936 -0.02965330   -0.05017464  0.15376516
    2    1
 -0.05017464 -0.15376516   -0.03886936  0.02965330   -0.03886936  0.02965330
 -0.03886936  0.02965330   -0.05017464 -0.15376516   -0.03886936  0.02965330
 -0.03886936  0.02965330   -0.03886936  0.02965330   -0.05017464 -0.15376516
    2    2
  0.22120024  0.00000000    0.01621900  0.00000000    0.01621900  0.00000000
  0.01621900  0.00000000    0.22120024  0.00000000    0.01621900  0.00000000
  0.01621900  0.00000000    0.01621900  0.00000000    0.22120024  0.00000000

     Dynamical  Matrix in cartesian axes

     q = (   -0.250000000  -0.250000000  -0.250000000 ) 

    1    1
  0.20710556  0.00000000    0.01953401  0.00000000    0.01953401  0.00000000
  0.01953401  0.00000000    0.20710556  0.00000000    0.01953401  0.00000000
  0.01953401  0.00000000    0.01953401  0.00000000    0.20710556  0.00000000
    1    2
 -0.05017464 -0.15376516   -0.03886936  0.02965330   -0.03886936  0.02965330
 -0.03886936  0.02965330   -0.05017464 -0.15376516   -0.03886936  0.02965330
 -0.03886936  0.02965330   -0.03886936  0.02965330   -0.05017464 -0.15376516
    2    1
 -0.05017464  0.15376516   -0.03886936 -0.02965330   -0.03886936 -0.02965330
 -0.03886936 -0.02965330   -0.05017464  0.15376516   -0.03886936 -0.02965330
 -0.03886936 -0.02965330   -0.03886936 -0.02965330   -0.05017464  0.15376516
    2    2
  0.22120024  0.00000000    0.01621900  0.00000000    0.01621900  0.00000000
  0.01621900  0.00000000    0.22120024  0.00000000    0.01621900  0.00000000
  0.01621900  0.00000000    0.01621900  0.00000000    0.22120024  0.00000000

     Diagonalizing the dynamical matrix

     q = (   -0.250000000   0.250000000  -0.250000000 ) 

 **************************************************************************
     freq (    1) =       1.422505 [THz] =      47.449665 [cm-1]
 (  0.579152  0.060807  0.370717  0.047960 -0.208436 -0.012847 ) 
 (  0.556227  0.023962  0.356574  0.023962 -0.199654  0.000000 ) 
     freq (    2) =       1.422505 [THz] =      47.449665 [cm-1]
 (  0.095794 -0.003596 -0.455152 -0.037554 -0.550945 -0.033958 ) 
 (  0.091199 -0.009065 -0.436533 -0.009065 -0.527732  0.000000 ) 
     freq (    3) =       3.863171 [THz] =     128.861505 [cm-1]
 (  0.242871  0.328890 -0.242871 -0.328890  0.242871  0.328890 ) 
 (  0.407650  0.000000 -0.407650 -0.000000  0.407650  0.000000 ) 
     freq (    4) =       7.900024 [THz] =     263.516423 [cm-1]
 ( -0.505060  0.112899 -0.481693  0.114339  0.023367  0.001440 ) 
 (  0.483929 -0.139931  0.461141 -0.139931 -0.022788  0.000000 ) 
     freq (    5) =       7.900024 [THz] =     263.516423 [cm-1]
 ( -0.271995 -0.022533  0.311510  0.013433  0.583506  0.035965 ) 
 (  0.265606  0.005604 -0.303452  0.005604 -0.569058  0.000000 ) 
     freq (    6) =       8.197698 [THz] =     273.445763 [cm-1]
 (  0.250729  0.339530 -0.250729 -0.339530  0.250729  0.339530 ) 
 ( -0.393938  0.000000  0.393938  0.000000 -0.393938  0.000000 ) 
 **************************************************************************
