Dynamical matrix file
                                                                           
  2    2  2 10.6867000  0.0000000  0.0000000  0.0000000  0.0000000  0.0000000
           1  'Ga  '    63548.6268941884     
           2  'As  '    68286.8563741160     
    1    1      0.0000000000      0.0000000000      0.0000000000
    2    2      0.2500000000      0.2500000000      0.2500000000

     Dynamical  Matrix in cartesian axes

     q = (    0.500000000   0.000000000   0.750000000 ) 

    1    1
  0.17099881  0.00000000    0.00000000 -0.00529361    0.00696396  0.00000000
  0.00000000  0.00529361    0.20899469 -0.00000000    0.00000000  0.01633374
  0.00696396 -0.00000000    0.00000000 -0.01633374    0.20315443 -0.00000000
    1    2
  0.01851011  0.04468736   -0.09721122  0.04026620   -0.04022552 -0.09711300
 -0.09240296  0.03827456    0.02276857  0.05496818   -0.04800962  0.01988623
 -0.03729590 -0.09004026   -0.03541144  0.01466790    0.02015986  0.04867022
    2    1
  0.01851011 -0.04468736   -0.09240296 -0.03827456   -0.03729590  0.09004026
 -0.09721122 -0.04026620    0.02276857 -0.05496818   -0.03541144 -0.01466790
 -0.04022552  0.09711300   -0.04800962 -0.01988623    0.02015986 -0.04867022
    2    2
  0.22914385  0.00000000    0.00000000 -0.00561267    0.01324625  0.00000000
  0.00000000  0.00561267    0.24778311  0.00000000    0.00000000  0.02515897
  0.01324625  0.00000000   -0.00000000 -0.02515897    0.24385342  0.00000000

     Dynamical  Matrix in cartesian axes

     q = (    0.750000000   0.000000000   0.500000000 ) 

    1    1
  0.20315443  0.00000000    0.00000000 -0.01633374    0.00696396  0.00000000
  0.00000000  0.01633374    0.20899469  0.00000000    0.00000000  0.00529361
  0.00696396  0.00000000    0.00000000 -0.00529361    0.17099881  0.00000000
    1    2
  0.02015986  0.04867022   -0.03541144  0.01466790   -0.03729590 -0.09004026
 -0.04800962  0.01988623    0.02276857  0.05496818   -0.09240296  0.03827456
 -0.04022552 -0.09711300   -0.09721122  0.04026620    0.01851011  0.04468736
    2    1
  0.02015986 -0.04867022   -0.04800962 -0.01988623   -0.04022552  0.09711300
 -0.03541144 -0.01466790    0.02276857 -0.05496818   -0.09721122 -0.04026620
 -0.03729590  0.09004026   -0.09240296 -0.03827456    0.01851011 -0.04468736
    2    2
  0.24385342  0.00000000    0.00000000 -0.02515897    0.01324625  0.00000000
  0.00000000  0.02515897    0.24778311  0.00000000    0.00000000  0.00561267
  0.01324625  0.00000000   -0.00000000 -0.00561267    0.22914385  0.00000000

     Dynamical  Matrix in cartesian axes

     q = (   -0.500000000   0.000000000  -0.750000000 ) 

    1    1
  0.17099881  0.00000000    0.00000000  0.00529361    0.00696396  0.00000000
  0.00000000 -0.00529361    0.20899469  0.00000000    0.00000000 -0.01633374
  0.00696396  0.00000000    0.00000000  0.01633374    0.20315443  0.00000000
    1    2
  0.01851011 -0.04468736   -0.09721122 -0.04026620   -0.04022552  0.09711300
 -0.09240296 -0.03827456    0.02276857 -0.05496818   -0.04800962 -0.01988623
 -0.03729590  0.09004026   -0.03541144 -0.01466790    0.02015986 -0.04867022
    2    1
  0.01851011  0.04468736   -0.09240296  0.03827456   -0.03729590 -0.09004026
 -0.09721122  0.04026620    0.02276857  0.05496818   -0.03541144  0.01466790
 -0.04022552 -0.09711300   -0.04800962  0.01988623    0.02015986  0.04867022
    2    2
  0.22914385  0.00000000    0.00000000  0.00561267    0.01324625  0.00000000
  0.00000000 -0.00561267    0.24778311  0.00000000    0.00000000 -0.02515897
  0.01324625 -0.00000000   -0.00000000  0.02515897    0.24385342 -0.00000000

     Dynamical  Matrix in cartesian axes

     q = (   -0.750000000   0.000000000  -0.500000000 ) 

    1    1
  0.20315443  0.00000000    0.00000000  0.01633374    0.00696396  0.00000000
  0.00000000 -0.01633374    0.20899469 -0.00000000    0.00000000 -0.00529361
  0.00696396  0.00000000    0.00000000  0.00529361    0.17099881  0.00000000
    1    2
  0.02015986 -0.04867022   -0.03541144 -0.01466790   -0.03729590  0.09004026
 -0.04800962 -0.01988623    0.02276857 -0.05496818   -0.09240296 -0.03827456
 -0.04022552  0.09711300   -0.09721122 -0.04026620    0.01851011 -0.04468736
    2    1
  0.02015986  0.04867022   -0.04800962  0.01988623   -0.04022552 -0.09711300
 -0.03541144  0.01466790    0.02276857  0.05496818   -0.09721122  0.04026620
 -0.03729590 -0.09004026   -0.09240296  0.03827456    0.01851011  0.04468736
    2    2
  0.24385342 -0.00000000    0.00000000  0.02515897    0.01324625 -0.00000000
  0.00000000 -0.02515897    0.24778311 -0.00000000    0.00000000 -0.00561267
  0.01324625  0.00000000   -0.00000000  0.00561267    0.22914385  0.00000000

     Dynamical  Matrix in cartesian axes

     q = (   -0.750000000   0.000000000   0.500000000 ) 

    1    1
  0.20315443  0.00000000    0.00000000 -0.01633374   -0.00696396  0.00000000
  0.00000000  0.01633374    0.20899469  0.00000000    0.00000000 -0.00529361
 -0.00696396 -0.00000000    0.00000000  0.00529361    0.17099881  0.00000000
    1    2
 -0.04867022 -0.02015986    0.01466790 -0.03541144   -0.09004026 -0.03729590
  0.01988623 -0.04800962   -0.05496818 -0.02276857   -0.03827456  0.09240296
 -0.09711300 -0.04022552   -0.04026620  0.09721122   -0.04468736 -0.01851011
    2    1
 -0.04867022  0.02015986    0.01988623  0.04800962   -0.09711300  0.04022552
  0.01466790  0.03541144   -0.05496818  0.02276857   -0.04026620 -0.09721122
 -0.09004026  0.03729590   -0.03827456 -0.09240296   -0.04468736  0.01851011
    2    2
  0.24385342  0.00000000    0.00000000 -0.02515897   -0.01324625 -0.00000000
  0.00000000  0.02515897    0.24778311  0.00000000    0.00000000 -0.00561267
 -0.01324625 -0.00000000   -0.00000000  0.00561267    0.22914385  0.00000000

     Dynamical  Matrix in cartesian axes

     q = (    0.750000000   0.000000000  -0.500000000 ) 

    1    1
  0.20315443  0.00000000    0.00000000  0.01633374   -0.00696396 -0.00000000
  0.00000000 -0.01633374    0.20899469 -0.00000000    0.00000000  0.00529361
 -0.00696396 -0.00000000    0.00000000 -0.00529361    0.17099881  0.00000000
    1    2
 -0.04867022  0.02015986    0.01466790  0.03541144   -0.09004026  0.03729590
  0.01988623  0.04800962   -0.05496818  0.02276857   -0.03827456 -0.09240296
 -0.09711300  0.04022552   -0.04026620 -0.09721122   -0.04468736  0.01851011
    2    1
 -0.04867022 -0.02015986    0.01988623 -0.04800962   -0.09711300 -0.04022552
  0.01466790 -0.03541144   -0.05496818 -0.02276857   -0.04026620  0.09721122
 -0.09004026 -0.03729590   -0.03827456  0.09240296   -0.04468736 -0.01851011
    2    2
  0.24385342 -0.00000000    0.00000000  0.02515897   -0.01324625 -0.00000000
  0.00000000 -0.02515897    0.24778311 -0.00000000    0.00000000  0.00561267
 -0.01324625 -0.00000000   -0.00000000 -0.00561267    0.22914385  0.00000000

     Dynamical  Matrix in cartesian axes

     q = (   -0.500000000   0.000000000   0.750000000 ) 

    1    1
  0.17099881  0.00000000    0.00000000 -0.00529361   -0.00696396 -0.00000000
  0.00000000  0.00529361    0.20899469  0.00000000    0.00000000 -0.01633374
 -0.00696396 -0.00000000    0.00000000  0.01633374    0.20315443 -0.00000000
    1    2
 -0.04468736  0.01851011   -0.04026620 -0.09721122   -0.09711300  0.04022552
 -0.03827456 -0.09240296   -0.05496818  0.02276857    0.01988623  0.04800962
 -0.09004026  0.03729590    0.01466790  0.03541144   -0.04867022  0.02015986
    2    1
 -0.04468736 -0.01851011   -0.03827456  0.09240296   -0.09004026 -0.03729590
 -0.04026620  0.09721122   -0.05496818 -0.02276857    0.01466790 -0.03541144
 -0.09711300 -0.04022552    0.01988623 -0.04800962   -0.04867022 -0.02015986
    2    2
  0.22914385  0.00000000    0.00000000 -0.00561267   -0.01324625 -0.00000000
  0.00000000  0.00561267    0.24778311  0.00000000    0.00000000 -0.02515897
 -0.01324625 -0.00000000   -0.00000000  0.02515897    0.24385342  0.00000000

     Dynamical  Matrix in cartesian axes

     q = (    0.500000000   0.000000000  -0.750000000 ) 

    1    1
  0.17099881  0.00000000    0.00000000  0.00529361   -0.00696396 -0.00000000
  0.00000000 -0.00529361    0.20899469 -0.00000000    0.00000000  0.01633374
 -0.00696396 -0.00000000    0.00000000 -0.01633374    0.20315443  0.00000000
    1    2
 -0.04468736 -0.01851011   -0.04026620  0.09721122   -0.09711300 -0.04022552
 -0.03827456  0.09240296   -0.05496818 -0.02276857    0.01988623 -0.04800962
 -0.09004026 -0.03729590    0.01466790 -0.03541144   -0.04867022 -0.02015986
    2    1
 -0.04468736  0.01851011   -0.03827456 -0.09240296   -0.09004026  0.03729590
 -0.04026620 -0.09721122   -0.05496818  0.02276857    0.01466790  0.03541144
 -0.09711300  0.04022552    0.01988623  0.04800962   -0.04867022  0.02015986
    2    2
  0.22914385  0.00000000    0.00000000  0.00561267   -0.01324625 -0.00000000
  0.00000000 -0.00561267    0.24778311 -0.00000000    0.00000000  0.02515897
 -0.01324625 -0.00000000   -0.00000000 -0.02515897    0.24385342 -0.00000000

     Dynamical  Matrix in cartesian axes

     q = (    0.750000000   0.500000000   0.000000000 ) 

    1    1
  0.20315443  0.00000000    0.00696396  0.00000000   -0.00000000 -0.01633374
  0.00696396  0.00000000    0.17099881  0.00000000   -0.00000000 -0.00529361
  0.00000000  0.01633374    0.00000000  0.00529361    0.20899469  0.00000000
    1    2
  0.02015986  0.04867022   -0.03729590 -0.09004026   -0.03541144  0.01466790
 -0.04022552 -0.09711300    0.01851011  0.04468736   -0.09721122  0.04026620
 -0.04800962  0.01988623   -0.09240296  0.03827456    0.02276857  0.05496818
    2    1
  0.02015986 -0.04867022   -0.04022552  0.09711300   -0.04800962 -0.01988623
 -0.03729590  0.09004026    0.01851011 -0.04468736   -0.09240296 -0.03827456
 -0.03541144 -0.01466790   -0.09721122 -0.04026620    0.02276857 -0.05496818
    2    2
  0.24385342  0.00000000    0.01324625  0.00000000   -0.00000000 -0.02515897
  0.01324625  0.00000000    0.22914385  0.00000000    0.00000000 -0.00561267
 -0.00000000  0.02515897   -0.00000000  0.00561267    0.24778311  0.00000000

     Dynamical  Matrix in cartesian axes

     q = (   -0.500000000  -0.750000000   0.000000000 ) 

    1    1
  0.17099881  0.00000000    0.00696396  0.00000000   -0.00000000  0.00529361
  0.00696396  0.00000000    0.20315443  0.00000000   -0.00000000  0.01633374
  0.00000000 -0.00529361    0.00000000 -0.01633374    0.20899469  0.00000000
    1    2
  0.01851011 -0.04468736   -0.04022552  0.09711300   -0.09721122 -0.04026620
 -0.03729590  0.09004026    0.02015986 -0.04867022   -0.03541144 -0.01466790
 -0.09240296 -0.03827456   -0.04800962 -0.01988623    0.02276857 -0.05496818
    2    1
  0.01851011  0.04468736   -0.03729590 -0.09004026   -0.09240296  0.03827456
 -0.04022552 -0.09711300    0.02015986  0.04867022   -0.04800962  0.01988623
 -0.09721122  0.04026620   -0.03541144  0.01466790    0.02276857  0.05496818
    2    2
  0.22914385  0.00000000    0.01324625  0.00000000   -0.00000000  0.00561267
  0.01324625  0.00000000    0.24385342  0.00000000    0.00000000  0.02515897
 -0.00000000 -0.00561267   -0.00000000 -0.02515897    0.24778311  0.00000000

     Dynamical  Matrix in cartesian axes

     q = (   -0.750000000  -0.500000000   0.000000000 ) 

    1    1
  0.20315443  0.00000000    0.00696396  0.00000000   -0.00000000  0.01633374
  0.00696396  0.00000000    0.17099881  0.00000000   -0.00000000  0.00529361
  0.00000000 -0.01633374    0.00000000 -0.00529361    0.20899469  0.00000000
    1    2
  0.02015986 -0.04867022   -0.03729590  0.09004026   -0.03541144 -0.01466790
 -0.04022552  0.09711300    0.01851011 -0.04468736   -0.09721122 -0.04026620
 -0.04800962 -0.01988623   -0.09240296 -0.03827456    0.02276857 -0.05496818
    2    1
  0.02015986  0.04867022   -0.04022552 -0.09711300   -0.04800962  0.01988623
 -0.03729590 -0.09004026    0.01851011  0.04468736   -0.09240296  0.03827456
 -0.03541144  0.01466790   -0.09721122  0.04026620    0.02276857  0.05496818
    2    2
  0.24385342  0.00000000    0.01324625  0.00000000   -0.00000000  0.02515897
  0.01324625  0.00000000    0.22914385  0.00000000    0.00000000  0.00561267
 -0.00000000 -0.02515897   -0.00000000 -0.00561267    0.24778311  0.00000000

     Dynamical  Matrix in cartesian axes

     q = (   -0.750000000   0.500000000   0.000000000 ) 

    1    1
  0.20315443 -0.00000000   -0.00696396  0.00000000    0.00000000 -0.01633374
 -0.00696396 -0.00000000    0.17099881  0.00000000    0.00000000  0.00529361
  0.00000000  0.01633374    0.00000000 -0.00529361    0.20899469 -0.00000000
    1    2
 -0.04867022 -0.02015986   -0.09004026 -0.03729590    0.01466790 -0.03541144
 -0.09711300 -0.04022552   -0.04468736 -0.01851011   -0.04026620  0.09721122
  0.01988623 -0.04800962   -0.03827456  0.09240296   -0.05496818 -0.02276857
    2    1
 -0.04867022  0.02015986   -0.09711300  0.04022552    0.01988623  0.04800962
 -0.09004026  0.03729590   -0.04468736  0.01851011   -0.03827456 -0.09240296
  0.01466790  0.03541144   -0.04026620 -0.09721122   -0.05496818  0.02276857
    2    2
  0.24385342 -0.00000000   -0.01324625 -0.00000000   -0.00000000 -0.02515897
 -0.01324625 -0.00000000    0.22914385  0.00000000    0.00000000  0.00561267
 -0.00000000  0.02515897   -0.00000000 -0.00561267    0.24778311 -0.00000000

     Dynamical  Matrix in cartesian axes

     q = (   -0.500000000   0.750000000   0.000000000 ) 

    1    1
  0.17099881  0.00000000   -0.00696396 -0.00000000    0.00000000 -0.00529361
 -0.00696396  0.00000000    0.20315443 -0.00000000    0.00000000  0.01633374
  0.00000000  0.00529361    0.00000000 -0.01633374    0.20899469 -0.00000000
    1    2
 -0.04468736  0.01851011   -0.09711300  0.04022552   -0.04026620 -0.09721122
 -0.09004026  0.03729590   -0.04867022  0.02015986    0.01466790  0.03541144
 -0.03827456 -0.09240296    0.01988623  0.04800962   -0.05496818  0.02276857
    2    1
 -0.04468736 -0.01851011   -0.09004026 -0.03729590   -0.03827456  0.09240296
 -0.09711300 -0.04022552   -0.04867022 -0.02015986    0.01988623 -0.04800962
 -0.04026620  0.09721122    0.01466790 -0.03541144   -0.05496818 -0.02276857
    2    2
  0.22914385  0.00000000   -0.01324625 -0.00000000   -0.00000000 -0.00561267
 -0.01324625  0.00000000    0.24385342  0.00000000    0.00000000  0.02515897
 -0.00000000  0.00561267   -0.00000000 -0.02515897    0.24778311  0.00000000

     Dynamical  Matrix in cartesian axes

     q = (    0.000000000   0.500000000   0.750000000 ) 

    1    1
  0.20899469 -0.00000000    0.00000000  0.00529361    0.00000000  0.01633374
  0.00000000 -0.00529361    0.17099881  0.00000000    0.00696396  0.00000000
  0.00000000 -0.01633374    0.00696396  0.00000000    0.20315443 -0.00000000
    1    2
  0.02276857  0.05496818   -0.09240296  0.03827456   -0.04800962  0.01988623
 -0.09721122  0.04026620    0.01851011  0.04468736   -0.04022552 -0.09711300
 -0.03541144  0.01466790   -0.03729590 -0.09004026    0.02015986  0.04867022
    2    1
  0.02276857 -0.05496818   -0.09721122 -0.04026620   -0.03541144 -0.01466790
 -0.09240296 -0.03827456    0.01851011 -0.04468736   -0.03729590  0.09004026
 -0.04800962 -0.01988623   -0.04022552  0.09711300    0.02015986 -0.04867022
    2    2
  0.24778311 -0.00000000    0.00000000  0.00561267   -0.00000000  0.02515897
  0.00000000 -0.00561267    0.22914385  0.00000000    0.01324625  0.00000000
 -0.00000000 -0.02515897    0.01324625  0.00000000    0.24385342 -0.00000000

     Dynamical  Matrix in cartesian axes

     q = (    0.000000000   0.500000000  -0.750000000 ) 

    1    1
  0.20899469 -0.00000000    0.00000000 -0.00529361    0.00000000  0.01633374
  0.00000000  0.00529361    0.17099881  0.00000000   -0.00696396 -0.00000000
  0.00000000 -0.01633374   -0.00696396  0.00000000    0.20315443 -0.00000000
    1    2
 -0.05496818 -0.02276857   -0.03827456  0.09240296    0.01988623 -0.04800962
 -0.04026620  0.09721122   -0.04468736 -0.01851011   -0.09711300 -0.04022552
  0.01466790 -0.03541144   -0.09004026 -0.03729590   -0.04867022 -0.02015986
    2    1
 -0.05496818  0.02276857   -0.04026620 -0.09721122    0.01466790  0.03541144
 -0.03827456 -0.09240296   -0.04468736  0.01851011   -0.09004026  0.03729590
  0.01988623  0.04800962   -0.09711300  0.04022552   -0.04867022  0.02015986
    2    2
  0.24778311 -0.00000000    0.00000000 -0.00561267   -0.00000000  0.02515897
  0.00000000  0.00561267    0.22914385  0.00000000   -0.01324625 -0.00000000
 -0.00000000 -0.02515897   -0.01324625  0.00000000    0.24385342 -0.00000000

     Dynamical  Matrix in cartesian axes

     q = (    0.000000000  -0.500000000  -0.750000000 ) 

    1    1
  0.20899469  0.00000000    0.00000000 -0.00529361    0.00000000 -0.01633374
  0.00000000  0.00529361    0.17099881  0.00000000    0.00696396  0.00000000
  0.00000000  0.01633374    0.00696396  0.00000000    0.20315443 -0.00000000
    1    2
  0.02276857 -0.05496818   -0.09240296 -0.03827456   -0.04800962 -0.01988623
 -0.09721122 -0.04026620    0.01851011 -0.04468736   -0.04022552  0.09711300
 -0.03541144 -0.01466790   -0.03729590  0.09004026    0.02015986 -0.04867022
    2    1
  0.02276857  0.05496818   -0.09721122  0.04026620   -0.03541144  0.01466790
 -0.09240296  0.03827456    0.01851011  0.04468736   -0.03729590 -0.09004026
 -0.04800962  0.01988623   -0.04022552 -0.09711300    0.02015986  0.04867022
    2    2
  0.24778311  0.00000000    0.00000000 -0.00561267   -0.00000000 -0.02515897
  0.00000000  0.00561267    0.22914385  0.00000000    0.01324625  0.00000000
 -0.00000000  0.02515897    0.01324625  0.00000000    0.24385342 -0.00000000

     Dynamical  Matrix in cartesian axes

     q = (    0.000000000  -0.500000000   0.750000000 ) 

    1    1
  0.20899469  0.00000000    0.00000000  0.00529361    0.00000000 -0.01633374
  0.00000000 -0.00529361    0.17099881  0.00000000   -0.00696396 -0.00000000
  0.00000000  0.01633374   -0.00696396 -0.00000000    0.20315443  0.00000000
    1    2
 -0.05496818  0.02276857   -0.03827456 -0.09240296    0.01988623  0.04800962
 -0.04026620 -0.09721122   -0.04468736  0.01851011   -0.09711300  0.04022552
  0.01466790  0.03541144   -0.09004026  0.03729590   -0.04867022  0.02015986
    2    1
 -0.05496818 -0.02276857   -0.04026620  0.09721122    0.01466790 -0.03541144
 -0.03827456  0.09240296   -0.04468736 -0.01851011   -0.09004026 -0.03729590
  0.01988623 -0.04800962   -0.09711300 -0.04022552   -0.04867022 -0.02015986
    2    2
  0.24778311  0.00000000    0.00000000  0.00561267   -0.00000000 -0.02515897
  0.00000000 -0.00561267    0.22914385  0.00000000   -0.01324625 -0.00000000
 -0.00000000  0.02515897   -0.01324625 -0.00000000    0.24385342  0.00000000

     Dynamical  Matrix in cartesian axes

     q = (    0.000000000   0.750000000   0.500000000 ) 

    1    1
  0.20899469  0.00000000    0.00000000  0.01633374    0.00000000  0.00529361
  0.00000000 -0.01633374    0.20315443  0.00000000    0.00696396 -0.00000000
  0.00000000 -0.00529361    0.00696396  0.00000000    0.17099881  0.00000000
    1    2
  0.02276857  0.05496818   -0.04800962  0.01988623   -0.09240296  0.03827456
 -0.03541144  0.01466790    0.02015986  0.04867022   -0.03729590 -0.09004026
 -0.09721122  0.04026620   -0.04022552 -0.09711300    0.01851011  0.04468736
    2    1
  0.02276857 -0.05496818   -0.03541144 -0.01466790   -0.09721122 -0.04026620
 -0.04800962 -0.01988623    0.02015986 -0.04867022   -0.04022552  0.09711300
 -0.09240296 -0.03827456   -0.03729590  0.09004026    0.01851011 -0.04468736
    2    2
  0.24778311  0.00000000    0.00000000  0.02515897   -0.00000000  0.00561267
  0.00000000 -0.02515897    0.24385342  0.00000000    0.01324625 -0.00000000
 -0.00000000 -0.00561267    0.01324625  0.00000000    0.22914385  0.00000000

     Dynamical  Matrix in cartesian axes

     q = (    0.000000000  -0.750000000  -0.500000000 ) 

    1    1
  0.20899469 -0.00000000    0.00000000 -0.01633374    0.00000000 -0.00529361
  0.00000000  0.01633374    0.20315443  0.00000000    0.00696396 -0.00000000
  0.00000000  0.00529361    0.00696396 -0.00000000    0.17099881  0.00000000
    1    2
  0.02276857 -0.05496818   -0.04800962 -0.01988623   -0.09240296 -0.03827456
 -0.03541144 -0.01466790    0.02015986 -0.04867022   -0.03729590  0.09004026
 -0.09721122 -0.04026620   -0.04022552  0.09711300    0.01851011 -0.04468736
    2    1
  0.02276857  0.05496818   -0.03541144  0.01466790   -0.09721122  0.04026620
 -0.04800962  0.01988623    0.02015986  0.04867022   -0.04022552 -0.09711300
 -0.09240296  0.03827456   -0.03729590 -0.09004026    0.01851011  0.04468736
    2    2
  0.24778311 -0.00000000    0.00000000 -0.02515897   -0.00000000 -0.00561267
  0.00000000  0.02515897    0.24385342 -0.00000000    0.01324625  0.00000000
 -0.00000000  0.00561267    0.01324625  0.00000000    0.22914385  0.00000000

     Dynamical  Matrix in cartesian axes

     q = (    0.000000000  -0.750000000   0.500000000 ) 

    1    1
  0.20899469 -0.00000000    0.00000000  0.01633374    0.00000000 -0.00529361
  0.00000000 -0.01633374    0.20315443  0.00000000   -0.00696396 -0.00000000
  0.00000000  0.00529361   -0.00696396 -0.00000000    0.17099881  0.00000000
    1    2
 -0.05496818 -0.02276857    0.01988623 -0.04800962   -0.03827456  0.09240296
  0.01466790 -0.03541144   -0.04867022 -0.02015986   -0.09004026 -0.03729590
 -0.04026620  0.09721122   -0.09711300 -0.04022552   -0.04468736 -0.01851011
    2    1
 -0.05496818  0.02276857    0.01466790  0.03541144   -0.04026620 -0.09721122
  0.01988623  0.04800962   -0.04867022  0.02015986   -0.09711300  0.04022552
 -0.03827456 -0.09240296   -0.09004026  0.03729590   -0.04468736  0.01851011
    2    2
  0.24778311  0.00000000    0.00000000  0.02515897   -0.00000000 -0.00561267
  0.00000000 -0.02515897    0.24385342  0.00000000   -0.01324625 -0.00000000
 -0.00000000  0.00561267   -0.01324625 -0.00000000    0.22914385  0.00000000

     Dynamical  Matrix in cartesian axes

     q = (    0.000000000   0.750000000  -0.500000000 ) 

    1    1
  0.20899469 -0.00000000    0.00000000 -0.01633374    0.00000000  0.00529361
  0.00000000  0.01633374    0.20315443  0.00000000   -0.00696396 -0.00000000
  0.00000000 -0.00529361   -0.00696396 -0.00000000    0.17099881  0.00000000
    1    2
 -0.05496818  0.02276857    0.01988623  0.04800962   -0.03827456 -0.09240296
  0.01466790  0.03541144   -0.04867022  0.02015986   -0.09004026  0.03729590
 -0.04026620 -0.09721122   -0.09711300  0.04022552   -0.04468736  0.01851011
    2    1
 -0.05496818 -0.02276857    0.01466790 -0.03541144   -0.04026620  0.09721122
  0.01988623 -0.04800962   -0.04867022 -0.02015986   -0.09711300 -0.04022552
 -0.03827456  0.09240296   -0.09004026 -0.03729590   -0.04468736 -0.01851011
    2    2
  0.24778311 -0.00000000    0.00000000 -0.02515897   -0.00000000  0.00561267
  0.00000000  0.02515897    0.24385342 -0.00000000   -0.01324625  0.00000000
 -0.00000000 -0.00561267   -0.01324625 -0.00000000    0.22914385  0.00000000

     Dynamical  Matrix in cartesian axes

     q = (    0.500000000   0.750000000   0.000000000 ) 

    1    1
  0.17099881  0.00000000    0.00696396  0.00000000   -0.00000000 -0.00529361
  0.00696396  0.00000000    0.20315443  0.00000000   -0.00000000 -0.01633374
  0.00000000  0.00529361    0.00000000  0.01633374    0.20899469  0.00000000
    1    2
  0.01851011  0.04468736   -0.04022552 -0.09711300   -0.09721122  0.04026620
 -0.03729590 -0.09004026    0.02015986  0.04867022   -0.03541144  0.01466790
 -0.09240296  0.03827456   -0.04800962  0.01988623    0.02276857  0.05496818
    2    1
  0.01851011 -0.04468736   -0.03729590  0.09004026   -0.09240296 -0.03827456
 -0.04022552  0.09711300    0.02015986 -0.04867022   -0.04800962 -0.01988623
 -0.09721122 -0.04026620   -0.03541144 -0.01466790    0.02276857 -0.05496818
    2    2
  0.22914385  0.00000000    0.01324625  0.00000000   -0.00000000 -0.00561267
  0.01324625  0.00000000    0.24385342  0.00000000    0.00000000 -0.02515897
 -0.00000000  0.00561267   -0.00000000  0.02515897    0.24778311  0.00000000

     Dynamical  Matrix in cartesian axes

     q = (    0.750000000  -0.500000000   0.000000000 ) 

    1    1
  0.20315443 -0.00000000   -0.00696396 -0.00000000    0.00000000  0.01633374
 -0.00696396 -0.00000000    0.17099881 -0.00000000    0.00000000 -0.00529361
  0.00000000 -0.01633374    0.00000000  0.00529361    0.20899469  0.00000000
    1    2
 -0.04867022  0.02015986   -0.09004026  0.03729590    0.01466790  0.03541144
 -0.09711300  0.04022552   -0.04468736  0.01851011   -0.04026620 -0.09721122
  0.01988623  0.04800962   -0.03827456 -0.09240296   -0.05496818  0.02276857
    2    1
 -0.04867022 -0.02015986   -0.09711300 -0.04022552    0.01988623 -0.04800962
 -0.09004026 -0.03729590   -0.04468736 -0.01851011   -0.03827456  0.09240296
  0.01466790 -0.03541144   -0.04026620  0.09721122   -0.05496818 -0.02276857
    2    2
  0.24385342  0.00000000   -0.01324625 -0.00000000   -0.00000000  0.02515897
 -0.01324625 -0.00000000    0.22914385  0.00000000    0.00000000 -0.00561267
 -0.00000000 -0.02515897   -0.00000000  0.00561267    0.24778311  0.00000000

     Dynamical  Matrix in cartesian axes

     q = (    0.500000000  -0.750000000   0.000000000 ) 

    1    1
  0.17099881  0.00000000   -0.00696396 -0.00000000    0.00000000  0.00529361
 -0.00696396  0.00000000    0.20315443  0.00000000    0.00000000 -0.01633374
  0.00000000 -0.00529361    0.00000000  0.01633374    0.20899469  0.00000000
    1    2
 -0.04468736 -0.01851011   -0.09711300 -0.04022552   -0.04026620  0.09721122
 -0.09004026 -0.03729590   -0.04867022 -0.02015986    0.01466790 -0.03541144
 -0.03827456  0.09240296    0.01988623 -0.04800962   -0.05496818 -0.02276857
    2    1
 -0.04468736  0.01851011   -0.09004026  0.03729590   -0.03827456 -0.09240296
 -0.09711300  0.04022552   -0.04867022  0.02015986    0.01988623  0.04800962
 -0.04026620 -0.09721122    0.01466790  0.03541144   -0.05496818  0.02276857
    2    2
  0.22914385  0.00000000   -0.01324625 -0.00000000   -0.00000000  0.00561267
 -0.01324625 -0.00000000    0.24385342  0.00000000    0.00000000 -0.02515897
 -0.00000000 -0.00561267   -0.00000000  0.02515897    0.24778311  0.00000000

     Diagonalizing the dynamical matrix

     q = (    0.500000000   0.000000000   0.750000000 ) 

 **************************************************************************
     freq (    1) =       2.492999 [THz] =      83.157512 [cm-1]
 ( -0.256147 -0.618394  0.057807 -0.023945  0.142000  0.342817 ) 
 (  0.429730  0.000000 -0.000000 -0.211908 -0.425209  0.000000 ) 
     freq (    2) =       3.119214 [THz] =     104.045790 [cm-1]
 (  0.129940  0.313703  0.523680 -0.216916  0.154156  0.372164 ) 
 (  0.448106  0.000000 -0.000000  0.421693  0.150059  0.000000 ) 
     freq (    3) =       5.435467 [THz] =     181.307666 [cm-1]
 (  0.088494  0.213643 -0.420964  0.174369  0.164513  0.397170 ) 
 ( -0.244345  0.000000 -0.000000  0.462604 -0.529523  0.000000 ) 
     freq (    4) =       6.612938 [THz] =     220.583863 [cm-1]
 (  0.110893  0.267720 -0.420648  0.174238  0.207779  0.501623 ) 
 (  0.194712  0.000000 -0.000000 -0.475124  0.387649  0.000000 ) 
     freq (    5) =       7.679220 [THz] =     256.151220 [cm-1]
 ( -0.128913 -0.311225  0.311030 -0.128833  0.192230  0.464085 ) 
 ( -0.666722 -0.000000  0.000000 -0.005072  0.276245  0.000000 ) 
     freq (    6) =       8.084922 [THz] =     269.683959 [cm-1]
 ( -0.179759 -0.433977 -0.394575  0.163439 -0.019555 -0.047210 ) 
 (  0.189664  0.000000 -0.000000  0.550185  0.505630  0.000000 ) 
 **************************************************************************
