Dynamical matrix file
                                                                           
  2    2  2 10.6867000  0.0000000  0.0000000  0.0000000  0.0000000  0.0000000
           1  'Ga  '    63548.6268941884     
           2  'As  '    68286.8563741160     
    1    1      0.0000000000      0.0000000000      0.0000000000
    2    2      0.2500000000      0.2500000000      0.2500000000

     Dynamical  Matrix in cartesian axes

     q = (   -0.125000000   0.125000000  -0.125000000 ) 

    1    1
  0.20657571  0.00000000   -0.01354477  0.00000000    0.01354477  0.00000000
 -0.01354477  0.00000000    0.20657571  0.00000000   -0.01354477  0.00000000
  0.01354477  0.00000000   -0.01354477  0.00000000    0.20657571  0.00000000
    1    2
 -0.19108564 -0.03800139   -0.00074168  0.02609461    0.00074168 -0.02609461
 -0.00074168  0.02609461   -0.19108564 -0.03800139   -0.00074168  0.02609461
  0.00074168 -0.02609461   -0.00074168  0.02609461   -0.19108564 -0.03800139
    2    1
 -0.19108564  0.03800139   -0.00074168 -0.02609461    0.00074168  0.02609461
 -0.00074168 -0.02609461   -0.19108564  0.03800139   -0.00074168 -0.02609461
  0.00074168  0.02609461   -0.00074168 -0.02609461   -0.19108564  0.03800139
    2    2
  0.21256480  0.00000000   -0.01167585  0.00000000    0.01167585  0.00000000
 -0.01167585  0.00000000    0.21256480  0.00000000   -0.01167585  0.00000000
  0.01167585  0.00000000   -0.01167585  0.00000000    0.21256480  0.00000000

     Dynamical  Matrix in cartesian axes

     q = (    0.125000000  -0.125000000   0.125000000 ) 

    1    1
  0.20657571  0.00000000   -0.01354477  0.00000000    0.01354477  0.00000000
 -0.01354477  0.00000000    0.20657571  0.00000000   -0.01354477  0.00000000
  0.01354477  0.00000000   -0.01354477  0.00000000    0.20657571  0.00000000
    1    2
 -0.19108564  0.03800139   -0.00074168 -0.02609461    0.00074168  0.02609461
 -0.00074168 -0.02609461   -0.19108564  0.03800139   -0.00074168 -0.02609461
  0.00074168  0.02609461   -0.00074168 -0.02609461   -0.19108564  0.03800139
    2    1
 -0.19108564 -0.03800139   -0.00074168  0.02609461    0.00074168 -0.02609461
 -0.00074168  0.02609461   -0.19108564 -0.03800139   -0.00074168  0.02609461
  0.00074168 -0.02609461   -0.00074168  0.02609461   -0.19108564 -0.03800139
    2    2
  0.21256480  0.00000000   -0.01167585  0.00000000    0.01167585  0.00000000
 -0.01167585  0.00000000    0.21256480  0.00000000   -0.01167585  0.00000000
  0.01167585  0.00000000   -0.01167585  0.00000000    0.21256480  0.00000000

     Dynamical  Matrix in cartesian axes

     q = (    0.125000000  -0.125000000  -0.125000000 ) 

    1    1
  0.20657571  0.00000000   -0.01354477  0.00000000   -0.01354477  0.00000000
 -0.01354477  0.00000000    0.20657571  0.00000000    0.01354477  0.00000000
 -0.01354477  0.00000000    0.01354477  0.00000000    0.20657571  0.00000000
    1    2
 -0.19108564 -0.03800139   -0.00074168  0.02609461   -0.00074168  0.02609461
 -0.00074168  0.02609461   -0.19108564 -0.03800139    0.00074168 -0.02609461
 -0.00074168  0.02609461    0.00074168 -0.02609461   -0.19108564 -0.03800139
    2    1
 -0.19108564  0.03800139   -0.00074168 -0.02609461   -0.00074168 -0.02609461
 -0.00074168 -0.02609461   -0.19108564  0.03800139    0.00074168  0.02609461
 -0.00074168 -0.02609461    0.00074168  0.02609461   -0.19108564  0.03800139
    2    2
  0.21256480  0.00000000   -0.01167585  0.00000000   -0.01167585  0.00000000
 -0.01167585  0.00000000    0.21256480  0.00000000    0.01167585  0.00000000
 -0.01167585  0.00000000    0.01167585  0.00000000    0.21256480  0.00000000

     Dynamical  Matrix in cartesian axes

     q = (   -0.125000000   0.125000000   0.125000000 ) 

    1    1
  0.20657571  0.00000000   -0.01354477  0.00000000   -0.01354477  0.00000000
 -0.01354477  0.00000000    0.20657571  0.00000000    0.01354477  0.00000000
 -0.01354477  0.00000000    0.01354477  0.00000000    0.20657571  0.00000000
    1    2
 -0.19108564  0.03800139   -0.00074168 -0.02609461   -0.00074168 -0.02609461
 -0.00074168 -0.02609461   -0.19108564  0.03800139    0.00074168  0.02609461
 -0.00074168 -0.02609461    0.00074168  0.02609461   -0.19108564  0.03800139
    2    1
 -0.19108564 -0.03800139   -0.00074168  0.02609461   -0.00074168  0.02609461
 -0.00074168  0.02609461   -0.19108564 -0.03800139    0.00074168 -0.02609461
 -0.00074168  0.02609461    0.00074168 -0.02609461   -0.19108564 -0.03800139
    2    2
  0.21256480  0.00000000   -0.01167585  0.00000000   -0.01167585  0.00000000
 -0.01167585  0.00000000    0.21256480  0.00000000    0.01167585  0.00000000
 -0.01167585  0.00000000    0.01167585  0.00000000    0.21256480  0.00000000

     Dynamical  Matrix in cartesian axes

     q = (   -0.125000000  -0.125000000   0.125000000 ) 

    1    1
  0.20657571  0.00000000    0.01354477  0.00000000   -0.01354477  0.00000000
  0.01354477  0.00000000    0.20657571  0.00000000   -0.01354477  0.00000000
 -0.01354477  0.00000000   -0.01354477  0.00000000    0.20657571  0.00000000
    1    2
 -0.19108564 -0.03800139    0.00074168 -0.02609461   -0.00074168  0.02609461
  0.00074168 -0.02609461   -0.19108564 -0.03800139   -0.00074168  0.02609461
 -0.00074168  0.02609461   -0.00074168  0.02609461   -0.19108564 -0.03800139
    2    1
 -0.19108564  0.03800139    0.00074168  0.02609461   -0.00074168 -0.02609461
  0.00074168  0.02609461   -0.19108564  0.03800139   -0.00074168 -0.02609461
 -0.00074168 -0.02609461   -0.00074168 -0.02609461   -0.19108564  0.03800139
    2    2
  0.21256480  0.00000000    0.01167585  0.00000000   -0.01167585  0.00000000
  0.01167585  0.00000000    0.21256480  0.00000000   -0.01167585  0.00000000
 -0.01167585  0.00000000   -0.01167585  0.00000000    0.21256480  0.00000000

     Dynamical  Matrix in cartesian axes

     q = (    0.125000000   0.125000000  -0.125000000 ) 

    1    1
  0.20657571  0.00000000    0.01354477  0.00000000   -0.01354477  0.00000000
  0.01354477  0.00000000    0.20657571  0.00000000   -0.01354477  0.00000000
 -0.01354477  0.00000000   -0.01354477  0.00000000    0.20657571  0.00000000
    1    2
 -0.19108564  0.03800139    0.00074168  0.02609461   -0.00074168 -0.02609461
  0.00074168  0.02609461   -0.19108564  0.03800139   -0.00074168 -0.02609461
 -0.00074168 -0.02609461   -0.00074168 -0.02609461   -0.19108564  0.03800139
    2    1
 -0.19108564 -0.03800139    0.00074168 -0.02609461   -0.00074168  0.02609461
  0.00074168 -0.02609461   -0.19108564 -0.03800139   -0.00074168  0.02609461
 -0.00074168  0.02609461   -0.00074168  0.02609461   -0.19108564 -0.03800139
    2    2
  0.21256480  0.00000000    0.01167585  0.00000000   -0.01167585  0.00000000
  0.01167585  0.00000000    0.21256480  0.00000000   -0.01167585  0.00000000
 -0.01167585  0.00000000   -0.01167585  0.00000000    0.21256480  0.00000000

     Dynamical  Matrix in cartesian axes

     q = (    0.125000000   0.125000000   0.125000000 ) 

    1    1
  0.20657571  0.00000000    0.01354477  0.00000000    0.01354477  0.00000000
  0.01354477  0.00000000    0.20657571  0.00000000    0.01354477  0.00000000
  0.01354477  0.00000000    0.01354477  0.00000000    0.20657571  0.00000000
    1    2
 -0.16198900  0.10824691   -0.01792723 -0.01897612   -0.01792723 -0.01897612
 -0.01792723 -0.01897612   -0.16198900  0.10824691   -0.01792723 -0.01897612
 -0.01792723 -0.01897612   -0.01792723 -0.01897612   -0.16198900  0.10824691
    2    1
 -0.16198900 -0.10824691   -0.01792723  0.01897612   -0.01792723  0.01897612
 -0.01792723  0.01897612   -0.16198900 -0.10824691   -0.01792723  0.01897612
 -0.01792723  0.01897612   -0.01792723  0.01897612   -0.16198900 -0.10824691
    2    2
  0.21256480  0.00000000    0.01167585  0.00000000    0.01167585  0.00000000
  0.01167585  0.00000000    0.21256480  0.00000000    0.01167585  0.00000000
  0.01167585  0.00000000    0.01167585  0.00000000    0.21256480  0.00000000

     Dynamical  Matrix in cartesian axes

     q = (   -0.125000000  -0.125000000  -0.125000000 ) 

    1    1
  0.20657571  0.00000000    0.01354477  0.00000000    0.01354477  0.00000000
  0.01354477  0.00000000    0.20657571  0.00000000    0.01354477  0.00000000
  0.01354477  0.00000000    0.01354477  0.00000000    0.20657571  0.00000000
    1    2
 -0.16198900 -0.10824691   -0.01792723  0.01897612   -0.01792723  0.01897612
 -0.01792723  0.01897612   -0.16198900 -0.10824691   -0.01792723  0.01897612
 -0.01792723  0.01897612   -0.01792723  0.01897612   -0.16198900 -0.10824691
    2    1
 -0.16198900  0.10824691   -0.01792723 -0.01897612   -0.01792723 -0.01897612
 -0.01792723 -0.01897612   -0.16198900  0.10824691   -0.01792723 -0.01897612
 -0.01792723 -0.01897612   -0.01792723 -0.01897612   -0.16198900  0.10824691
    2    2
  0.21256480  0.00000000    0.01167585  0.00000000    0.01167585  0.00000000
  0.01167585  0.00000000    0.21256480  0.00000000    0.01167585  0.00000000
  0.01167585  0.00000000    0.01167585  0.00000000    0.21256480  0.00000000

     Diagonalizing the dynamical matrix

     q = (   -0.125000000   0.125000000  -0.125000000 ) 

 **************************************************************************
     freq (    1) =       0.880953 [THz] =      29.385428 [cm-1]
 (  0.018301  0.014882 -0.494711 -0.016961 -0.513011 -0.031843 ) 
 (  0.018816  0.013454 -0.485228  0.013454 -0.504044  0.000000 ) 
     freq (    2) =       0.880953 [THz] =      29.385428 [cm-1]
 ( -0.582397 -0.010462 -0.307867  0.006578  0.274530  0.017040 ) 
 ( -0.570656  0.025142 -0.300925  0.025142  0.269731  0.000000 ) 
     freq (    3) =       2.019134 [THz] =      67.351066 [cm-1]
 ( -0.368869 -0.175465  0.368869  0.175465 -0.368869 -0.175465 ) 
 ( -0.408021 -0.000000  0.408021  0.000000 -0.408021  0.000000 ) 
     freq (    4) =       7.996187 [THz] =     266.724095 [cm-1]
 (  0.411310  0.035093 -0.161695 -0.000473 -0.573005 -0.035567 ) 
 ( -0.391644 -0.009058  0.153181 -0.009058  0.544824  0.000000 ) 
     freq (    5) =       7.996187 [THz] =     266.724095 [cm-1]
 (  0.419871  0.063797  0.565086  0.072810  0.145215  0.009014 ) 
 ( -0.401439 -0.035742 -0.539513 -0.035742 -0.138073  0.000000 ) 
     freq (    6) =       8.550458 [THz] =     285.212574 [cm-1]
 ( -0.381471 -0.181459  0.381471  0.181459 -0.381471 -0.181459 ) 
 (  0.393556  0.000000 -0.393556 -0.000000  0.393556  0.000000 ) 
 **************************************************************************
