Dynamical matrix file
                                                                           
  2    2  2 10.6867000  0.0000000  0.0000000  0.0000000  0.0000000  0.0000000
           1  'Ga  '    63548.6268941884     
           2  'As  '    68286.8563741160     
    1    1      0.0000000000      0.0000000000      0.0000000000
    2    2      0.2500000000      0.2500000000      0.2500000000

     Dynamical  Matrix in cartesian axes

     q = (    0.000000000   0.750000000   0.000000000 ) 

    1    1
  0.16643822  0.00000000    0.00000000  0.00000000    0.00000000  0.00000000
  0.00000000  0.00000000    0.28732374  0.00000000    0.00000000  0.00000000
  0.00000000  0.00000000    0.00000000  0.00000000    0.16643822  0.00000000
    1    2
 -0.02679892  0.06469832   -0.00000000 -0.00000000   -0.13661861 -0.05658928
  0.00000000  0.00000000   -0.03357029  0.08104584    0.00000000  0.00000000
 -0.13661861 -0.05658928    0.00000000  0.00000000   -0.02679892  0.06469832
    2    1
 -0.02679892 -0.06469832   -0.00000000  0.00000000   -0.13661861  0.05658928
  0.00000000  0.00000000   -0.03357029 -0.08104584    0.00000000  0.00000000
 -0.13661861  0.05658928    0.00000000 -0.00000000   -0.02679892 -0.06469832
    2    2
  0.21878987  0.00000000    0.00000000  0.00000000    0.00000000  0.00000000
  0.00000000  0.00000000    0.27043512  0.00000000    0.00000000  0.00000000
  0.00000000  0.00000000    0.00000000  0.00000000    0.21878987  0.00000000

     Dynamical  Matrix in cartesian axes

     q = (   -0.750000000   0.000000000   0.000000000 ) 

    1    1
  0.28732374  0.00000000    0.00000000  0.00000000   -0.00000000  0.00000000
  0.00000000  0.00000000    0.16643822  0.00000000    0.00000000  0.00000000
 -0.00000000  0.00000000   -0.00000000  0.00000000    0.16643822  0.00000000
    1    2
 -0.03357029 -0.08104584    0.00000000 -0.00000000    0.00000000 -0.00000000
  0.00000000 -0.00000000   -0.02679892 -0.06469832   -0.13661861  0.05658928
  0.00000000 -0.00000000   -0.13661861  0.05658928   -0.02679892 -0.06469832
    2    1
 -0.03357029  0.08104584    0.00000000  0.00000000    0.00000000  0.00000000
  0.00000000  0.00000000   -0.02679892  0.06469832   -0.13661861 -0.05658928
  0.00000000  0.00000000   -0.13661861 -0.05658928   -0.02679892  0.06469832
    2    2
  0.27043512  0.00000000    0.00000000  0.00000000    0.00000000  0.00000000
  0.00000000  0.00000000    0.21878987  0.00000000    0.00000000  0.00000000
  0.00000000  0.00000000    0.00000000  0.00000000    0.21878987  0.00000000

     Dynamical  Matrix in cartesian axes

     q = (    0.000000000  -0.750000000   0.000000000 ) 

    1    1
  0.16643822  0.00000000    0.00000000  0.00000000    0.00000000  0.00000000
  0.00000000  0.00000000    0.28732374  0.00000000    0.00000000  0.00000000
  0.00000000  0.00000000    0.00000000  0.00000000    0.16643822  0.00000000
    1    2
 -0.02679892 -0.06469832    0.00000000  0.00000000   -0.13661861  0.05658928
  0.00000000  0.00000000   -0.03357029 -0.08104584   -0.00000000  0.00000000
 -0.13661861  0.05658928   -0.00000000 -0.00000000   -0.02679892 -0.06469832
    2    1
 -0.02679892  0.06469832    0.00000000  0.00000000   -0.13661861 -0.05658928
  0.00000000  0.00000000   -0.03357029  0.08104584   -0.00000000 -0.00000000
 -0.13661861 -0.05658928   -0.00000000  0.00000000   -0.02679892  0.06469832
    2    2
  0.21878987  0.00000000    0.00000000  0.00000000    0.00000000  0.00000000
  0.00000000  0.00000000    0.27043512  0.00000000    0.00000000  0.00000000
  0.00000000  0.00000000    0.00000000  0.00000000    0.21878987  0.00000000

     Dynamical  Matrix in cartesian axes

     q = (    0.000000000   0.000000000   0.750000000 ) 

    1    1
  0.16643822  0.00000000    0.00000000  0.00000000   -0.00000000  0.00000000
  0.00000000  0.00000000    0.16643822  0.00000000    0.00000000  0.00000000
 -0.00000000  0.00000000   -0.00000000  0.00000000    0.28732374  0.00000000
    1    2
 -0.02679892  0.06469832   -0.13661861 -0.05658928   -0.00000000  0.00000000
 -0.13661861 -0.05658928   -0.02679892  0.06469832   -0.00000000  0.00000000
 -0.00000000  0.00000000   -0.00000000  0.00000000   -0.03357029  0.08104584
    2    1
 -0.02679892 -0.06469832   -0.13661861  0.05658928   -0.00000000  0.00000000
 -0.13661861  0.05658928   -0.02679892 -0.06469832   -0.00000000  0.00000000
 -0.00000000  0.00000000   -0.00000000  0.00000000   -0.03357029 -0.08104584
    2    2
  0.21878987  0.00000000    0.00000000  0.00000000    0.00000000  0.00000000
  0.00000000  0.00000000    0.21878987  0.00000000    0.00000000  0.00000000
  0.00000000  0.00000000    0.00000000  0.00000000    0.27043512  0.00000000

     Dynamical  Matrix in cartesian axes

     q = (    0.000000000   0.000000000  -0.750000000 ) 

    1    1
  0.16643822  0.00000000    0.00000000  0.00000000   -0.00000000  0.00000000
  0.00000000  0.00000000    0.16643822  0.00000000    0.00000000  0.00000000
 -0.00000000  0.00000000   -0.00000000  0.00000000    0.28732374  0.00000000
    1    2
 -0.02679892 -0.06469832   -0.13661861  0.05658928    0.00000000 -0.00000000
 -0.13661861  0.05658928   -0.02679892 -0.06469832   -0.00000000  0.00000000
  0.00000000  0.00000000   -0.00000000  0.00000000   -0.03357029 -0.08104584
    2    1
 -0.02679892  0.06469832   -0.13661861 -0.05658928    0.00000000  0.00000000
 -0.13661861 -0.05658928   -0.02679892  0.06469832   -0.00000000  0.00000000
  0.00000000  0.00000000   -0.00000000 -0.00000000   -0.03357029  0.08104584
    2    2
  0.21878987  0.00000000    0.00000000  0.00000000    0.00000000  0.00000000
  0.00000000  0.00000000    0.21878987  0.00000000    0.00000000  0.00000000
  0.00000000  0.00000000    0.00000000  0.00000000    0.27043512  0.00000000

     Dynamical  Matrix in cartesian axes

     q = (    0.750000000   0.000000000   0.000000000 ) 

    1    1
  0.28732374  0.00000000    0.00000000  0.00000000   -0.00000000  0.00000000
  0.00000000  0.00000000    0.16643822  0.00000000    0.00000000  0.00000000
 -0.00000000  0.00000000   -0.00000000  0.00000000    0.16643822  0.00000000
    1    2
 -0.03357029  0.08104584    0.00000000  0.00000000   -0.00000000  0.00000000
 -0.00000000  0.00000000   -0.02679892  0.06469832   -0.13661861 -0.05658928
  0.00000000  0.00000000   -0.13661861 -0.05658928   -0.02679892  0.06469832
    2    1
 -0.03357029 -0.08104584   -0.00000000  0.00000000    0.00000000  0.00000000
 -0.00000000  0.00000000   -0.02679892 -0.06469832   -0.13661861  0.05658928
 -0.00000000  0.00000000   -0.13661861  0.05658928   -0.02679892 -0.06469832
    2    2
  0.27043512  0.00000000    0.00000000  0.00000000    0.00000000  0.00000000
  0.00000000  0.00000000    0.21878987  0.00000000    0.00000000  0.00000000
  0.00000000  0.00000000    0.00000000  0.00000000    0.21878987  0.00000000

     Diagonalizing the dynamical matrix

     q = (    0.000000000   0.750000000   0.000000000 ) 

 **************************************************************************
     freq (    1) =       2.108064 [THz] =      70.317458 [cm-1]
 (  0.108584 -0.305558 -0.000000 -0.000000  0.609786  0.314841 ) 
 (  0.649032  0.038491 -0.000000  0.000000 -0.033996  0.000000 ) 
     freq (    2) =       2.108064 [THz] =      70.317458 [cm-1]
 (  0.640316  0.246899 -0.000000  0.000000  0.156374 -0.284083 ) 
 (  0.033936  0.002013 -0.000000 -0.000000  0.650173  0.000000 ) 
     freq (    3) =       5.582964 [THz] =     186.227619 [cm-1]
 ( -0.000000  0.000000 -0.350878  0.539587 -0.000000  0.000000 ) 
 (  0.000000 -0.000000 -0.752430 -0.139928 -0.000000  0.000000 ) 
     freq (    4) =       7.653711 [THz] =     255.300325 [cm-1]
 ( -0.531403 -0.206282 -0.000000  0.000000 -0.164838  0.327439 ) 
 (  0.032394 -0.093849  0.000000  0.000000  0.728569  0.000000 ) 
     freq (    5) =       7.653711 [THz] =     255.300325 [cm-1]
 (  0.291528  0.222259 -0.000000 -0.000000 -0.387508  0.418066 ) 
 (  0.237716 -0.688698 -0.000000  0.000000 -0.099282  0.000000 ) 
     freq (    6) =       7.786360 [THz] =     259.725016 [cm-1]
 ( -0.000000 -0.000000  0.133212 -0.776144  0.000000 -0.000000 ) 
 ( -0.000000  0.000000 -0.601100  0.136137  0.000000  0.000000 ) 
 **************************************************************************
