Dynamical matrix file
                                                                           
  2    2  2 10.6867000  0.0000000  0.0000000  0.0000000  0.0000000  0.0000000
           1  'Ga  '    63548.6268941884     
           2  'As  '    68286.8563741160     
    1    1      0.0000000000      0.0000000000      0.0000000000
    2    2      0.2500000000      0.2500000000      0.2500000000

     Dynamical  Matrix in cartesian axes

     q = (    0.750000000   0.000000000   0.750000000 ) 

    1    1
  0.17484999  0.00000000    0.00000000 -0.00997154    0.00504957  0.00000000
  0.00000000  0.00997154    0.24750997  0.00000000    0.00000000  0.00997154
  0.00504957  0.00000000   -0.00000000 -0.00997154    0.17484999  0.00000000
    1    2
  0.01800031  0.01800031   -0.03989077  0.03989077   -0.09713113 -0.09713113
 -0.03744976  0.03744976    0.02877458  0.02877458   -0.03744976  0.03744976
 -0.09713113 -0.09713113   -0.03989077  0.03989077    0.01800031  0.01800031
    2    1
  0.01800031 -0.01800031   -0.03744976 -0.03744976   -0.09713113  0.09713113
 -0.03989077 -0.03989077    0.02877458 -0.02877458   -0.03989077 -0.03989077
 -0.09713113  0.09713113   -0.03744976 -0.03744976    0.01800031 -0.01800031
    2    2
  0.23011147  0.00000000    0.00000000 -0.01506799    0.01238259  0.00000000
  0.00000000  0.01506799    0.26275050  0.00000000    0.00000000  0.01506799
  0.01238259  0.00000000   -0.00000000 -0.01506799    0.23011147  0.00000000

     Dynamical  Matrix in cartesian axes

     q = (   -0.750000000   0.000000000  -0.750000000 ) 

    1    1
  0.17484999  0.00000000    0.00000000  0.00997154    0.00504957  0.00000000
  0.00000000 -0.00997154    0.24750997  0.00000000    0.00000000 -0.00997154
  0.00504957  0.00000000   -0.00000000  0.00997154    0.17484999  0.00000000
    1    2
  0.01800031 -0.01800031   -0.03989077 -0.03989077   -0.09713113  0.09713113
 -0.03744976 -0.03744976    0.02877458 -0.02877458   -0.03744976 -0.03744976
 -0.09713113  0.09713113   -0.03989077 -0.03989077    0.01800031 -0.01800031
    2    1
  0.01800031  0.01800031   -0.03744976  0.03744976   -0.09713113 -0.09713113
 -0.03989077  0.03989077    0.02877458  0.02877458   -0.03989077  0.03989077
 -0.09713113 -0.09713113   -0.03744976  0.03744976    0.01800031  0.01800031
    2    2
  0.23011147  0.00000000    0.00000000  0.01506799    0.01238259  0.00000000
  0.00000000 -0.01506799    0.26275050  0.00000000    0.00000000 -0.01506799
  0.01238259  0.00000000   -0.00000000  0.01506799    0.23011147  0.00000000

     Dynamical  Matrix in cartesian axes

     q = (    0.000000000  -0.750000000   0.750000000 ) 

    1    1
  0.24750997  0.00000000    0.00000000  0.00997154   -0.00000000 -0.00997154
  0.00000000 -0.00997154    0.17484999  0.00000000   -0.00504957  0.00000000
  0.00000000  0.00997154   -0.00504957  0.00000000    0.17484999  0.00000000
    1    2
 -0.04069341 -0.00000000   -0.00000000 -0.05296195    0.00000000  0.05296195
  0.00000000 -0.05641406   -0.02545628 -0.00000000   -0.13736416 -0.00000000
 -0.00000000  0.05641406   -0.13736416 -0.00000000   -0.02545628 -0.00000000
    2    1
 -0.04069341 -0.00000000    0.00000000  0.05641406   -0.00000000 -0.05641406
  0.00000000  0.05296195   -0.02545628  0.00000000   -0.13736416 -0.00000000
 -0.00000000 -0.05296195   -0.13736416  0.00000000   -0.02545628  0.00000000
    2    2
  0.26275050  0.00000000    0.00000000  0.01506799    0.00000000 -0.01506799
  0.00000000 -0.01506799    0.23011147  0.00000000   -0.01238259  0.00000000
  0.00000000  0.01506799   -0.01238259  0.00000000    0.23011147  0.00000000

     Dynamical  Matrix in cartesian axes

     q = (   -0.750000000   0.000000000   0.750000000 ) 

    1    1
  0.17484999  0.00000000    0.00000000 -0.00997154   -0.00504957  0.00000000
 -0.00000000  0.00997154    0.24750997  0.00000000    0.00000000 -0.00997154
 -0.00504957  0.00000000    0.00000000  0.00997154    0.17484999  0.00000000
    1    2
 -0.02545628 -0.00000000    0.00000000 -0.05641406   -0.13736416 -0.00000000
 -0.00000000 -0.05296195   -0.04069341 -0.00000000    0.00000000  0.05296195
 -0.13736416 -0.00000000   -0.00000000  0.05641406   -0.02545628 -0.00000000
    2    1
 -0.02545628  0.00000000    0.00000000  0.05296195   -0.13736416  0.00000000
  0.00000000  0.05641406   -0.04069341  0.00000000    0.00000000 -0.05641406
 -0.13736416  0.00000000   -0.00000000 -0.05296195   -0.02545628  0.00000000
    2    2
  0.23011147  0.00000000    0.00000000 -0.01506799   -0.01238259  0.00000000
  0.00000000  0.01506799    0.26275050  0.00000000    0.00000000 -0.01506799
 -0.01238259  0.00000000    0.00000000  0.01506799    0.23011147  0.00000000

     Dynamical  Matrix in cartesian axes

     q = (    0.750000000   0.000000000  -0.750000000 ) 

    1    1
  0.17484999  0.00000000    0.00000000  0.00997154   -0.00504957  0.00000000
  0.00000000 -0.00997154    0.24750997  0.00000000    0.00000000  0.00997154
 -0.00504957  0.00000000    0.00000000 -0.00997154    0.17484999  0.00000000
    1    2
 -0.02545628 -0.00000000    0.00000000  0.05641406   -0.13736416 -0.00000000
  0.00000000  0.05296195   -0.04069341 -0.00000000   -0.00000000 -0.05296195
 -0.13736416 -0.00000000   -0.00000000 -0.05641406   -0.02545628 -0.00000000
    2    1
 -0.02545628  0.00000000    0.00000000 -0.05296195   -0.13736416  0.00000000
  0.00000000 -0.05641406   -0.04069341 -0.00000000    0.00000000  0.05641406
 -0.13736416  0.00000000    0.00000000  0.05296195   -0.02545628  0.00000000
    2    2
  0.23011147  0.00000000    0.00000000  0.01506799   -0.01238259  0.00000000
  0.00000000 -0.01506799    0.26275050  0.00000000    0.00000000  0.01506799
 -0.01238259  0.00000000    0.00000000 -0.01506799    0.23011147  0.00000000

     Dynamical  Matrix in cartesian axes

     q = (    0.750000000   0.750000000   0.000000000 ) 

    1    1
  0.17484999  0.00000000    0.00504957  0.00000000   -0.00000000 -0.00997154
  0.00504957  0.00000000    0.17484999  0.00000000   -0.00000000 -0.00997154
 -0.00000000  0.00997154   -0.00000000  0.00997154    0.24750997  0.00000000
    1    2
  0.01800031  0.01800031   -0.09713113 -0.09713113   -0.03989077  0.03989077
 -0.09713113 -0.09713113    0.01800031  0.01800031   -0.03989077  0.03989077
 -0.03744976  0.03744976   -0.03744976  0.03744976    0.02877458  0.02877458
    2    1
  0.01800031 -0.01800031   -0.09713113  0.09713113   -0.03744976 -0.03744976
 -0.09713113  0.09713113    0.01800031 -0.01800031   -0.03744976 -0.03744976
 -0.03989077 -0.03989077   -0.03989077 -0.03989077    0.02877458 -0.02877458
    2    2
  0.23011147  0.00000000    0.01238259  0.00000000    0.00000000 -0.01506799
  0.01238259  0.00000000    0.23011147  0.00000000   -0.00000000 -0.01506799
 -0.00000000  0.01506799   -0.00000000  0.01506799    0.26275050  0.00000000

     Dynamical  Matrix in cartesian axes

     q = (   -0.750000000  -0.750000000   0.000000000 ) 

    1    1
  0.17484999  0.00000000    0.00504957  0.00000000   -0.00000000  0.00997154
  0.00504957  0.00000000    0.17484999  0.00000000   -0.00000000  0.00997154
 -0.00000000 -0.00997154   -0.00000000 -0.00997154    0.24750997  0.00000000
    1    2
  0.01800031 -0.01800031   -0.09713113  0.09713113   -0.03989077 -0.03989077
 -0.09713113  0.09713113    0.01800031 -0.01800031   -0.03989077 -0.03989077
 -0.03744976 -0.03744976   -0.03744976 -0.03744976    0.02877458 -0.02877458
    2    1
  0.01800031  0.01800031   -0.09713113 -0.09713113   -0.03744976  0.03744976
 -0.09713113 -0.09713113    0.01800031  0.01800031   -0.03744976  0.03744976
 -0.03989077  0.03989077   -0.03989077  0.03989077    0.02877458  0.02877458
    2    2
  0.23011147  0.00000000    0.01238259  0.00000000    0.00000000  0.01506799
  0.01238259  0.00000000    0.23011147  0.00000000   -0.00000000  0.01506799
 -0.00000000 -0.01506799   -0.00000000 -0.01506799    0.26275050  0.00000000

     Dynamical  Matrix in cartesian axes

     q = (   -0.750000000   0.750000000   0.000000000 ) 

    1    1
  0.17484999  0.00000000   -0.00504957  0.00000000    0.00000000 -0.00997154
 -0.00504957  0.00000000    0.17484999  0.00000000    0.00000000  0.00997154
 -0.00000000  0.00997154    0.00000000 -0.00997154    0.24750997  0.00000000
    1    2
 -0.02545628 -0.00000000   -0.13736416 -0.00000000    0.00000000 -0.05641406
 -0.13736416 -0.00000000   -0.02545628 -0.00000000    0.00000000  0.05641406
 -0.00000000 -0.05296195    0.00000000  0.05296195   -0.04069341 -0.00000000
    2    1
 -0.02545628  0.00000000   -0.13736416  0.00000000    0.00000000  0.05296195
 -0.13736416  0.00000000   -0.02545628  0.00000000   -0.00000000 -0.05296195
  0.00000000  0.05641406    0.00000000 -0.05641406   -0.04069341  0.00000000
    2    2
  0.23011147  0.00000000   -0.01238259  0.00000000    0.00000000 -0.01506799
 -0.01238259  0.00000000    0.23011147  0.00000000    0.00000000  0.01506799
  0.00000000  0.01506799    0.00000000 -0.01506799    0.26275050  0.00000000

     Dynamical  Matrix in cartesian axes

     q = (    0.000000000   0.750000000   0.750000000 ) 

    1    1
  0.24750997  0.00000000    0.00000000  0.00997154    0.00000000  0.00997154
  0.00000000 -0.00997154    0.17484999  0.00000000    0.00504957  0.00000000
  0.00000000 -0.00997154    0.00504957  0.00000000    0.17484999  0.00000000
    1    2
  0.02877458  0.02877458   -0.03744976  0.03744976   -0.03744976  0.03744976
 -0.03989077  0.03989077    0.01800031  0.01800031   -0.09713113 -0.09713113
 -0.03989077  0.03989077   -0.09713113 -0.09713113    0.01800031  0.01800031
    2    1
  0.02877458 -0.02877458   -0.03989077 -0.03989077   -0.03989077 -0.03989077
 -0.03744976 -0.03744976    0.01800031 -0.01800031   -0.09713113  0.09713113
 -0.03744976 -0.03744976   -0.09713113  0.09713113    0.01800031 -0.01800031
    2    2
  0.26275050  0.00000000    0.00000000  0.01506799    0.00000000  0.01506799
  0.00000000 -0.01506799    0.23011147  0.00000000    0.01238259  0.00000000
  0.00000000 -0.01506799    0.01238259  0.00000000    0.23011147  0.00000000

     Dynamical  Matrix in cartesian axes

     q = (    0.000000000   0.750000000  -0.750000000 ) 

    1    1
  0.24750997  0.00000000    0.00000000 -0.00997154   -0.00000000  0.00997154
  0.00000000  0.00997154    0.17484999  0.00000000   -0.00504957  0.00000000
  0.00000000 -0.00997154   -0.00504957  0.00000000    0.17484999  0.00000000
    1    2
 -0.04069341 -0.00000000    0.00000000  0.05296195   -0.00000000 -0.05296195
  0.00000000  0.05641406   -0.02545628 -0.00000000   -0.13736416 -0.00000000
 -0.00000000 -0.05641406   -0.13736416 -0.00000000   -0.02545628 -0.00000000
    2    1
 -0.04069341 -0.00000000   -0.00000000 -0.05641406    0.00000000  0.05641406
 -0.00000000 -0.05296195   -0.02545628  0.00000000   -0.13736416 -0.00000000
  0.00000000  0.05296195   -0.13736416  0.00000000   -0.02545628  0.00000000
    2    2
  0.26275050  0.00000000    0.00000000 -0.01506799    0.00000000  0.01506799
  0.00000000  0.01506799    0.23011147  0.00000000   -0.01238259  0.00000000
  0.00000000 -0.01506799   -0.01238259  0.00000000    0.23011147  0.00000000

     Dynamical  Matrix in cartesian axes

     q = (    0.000000000  -0.750000000  -0.750000000 ) 

    1    1
  0.24750997  0.00000000    0.00000000 -0.00997154    0.00000000 -0.00997154
  0.00000000  0.00997154    0.17484999  0.00000000    0.00504957  0.00000000
  0.00000000  0.00997154    0.00504957  0.00000000    0.17484999  0.00000000
    1    2
  0.02877458 -0.02877458   -0.03744976 -0.03744976   -0.03744976 -0.03744976
 -0.03989077 -0.03989077    0.01800031 -0.01800031   -0.09713113  0.09713113
 -0.03989077 -0.03989077   -0.09713113  0.09713113    0.01800031 -0.01800031
    2    1
  0.02877458  0.02877458   -0.03989077  0.03989077   -0.03989077  0.03989077
 -0.03744976  0.03744976    0.01800031  0.01800031   -0.09713113 -0.09713113
 -0.03744976  0.03744976   -0.09713113 -0.09713113    0.01800031  0.01800031
    2    2
  0.26275050  0.00000000    0.00000000 -0.01506799    0.00000000 -0.01506799
  0.00000000  0.01506799    0.23011147  0.00000000    0.01238259  0.00000000
  0.00000000  0.01506799    0.01238259  0.00000000    0.23011147  0.00000000

     Dynamical  Matrix in cartesian axes

     q = (    0.750000000  -0.750000000   0.000000000 ) 

    1    1
  0.17484999  0.00000000   -0.00504957  0.00000000    0.00000000  0.00997154
 -0.00504957  0.00000000    0.17484999  0.00000000    0.00000000 -0.00997154
  0.00000000 -0.00997154    0.00000000  0.00997154    0.24750997  0.00000000
    1    2
 -0.02545628 -0.00000000   -0.13736416 -0.00000000    0.00000000  0.05641406
 -0.13736416 -0.00000000   -0.02545628 -0.00000000    0.00000000 -0.05641406
  0.00000000  0.05296195   -0.00000000 -0.05296195   -0.04069341 -0.00000000
    2    1
 -0.02545628  0.00000000   -0.13736416  0.00000000    0.00000000 -0.05296195
 -0.13736416  0.00000000   -0.02545628  0.00000000   -0.00000000  0.05296195
  0.00000000 -0.05641406    0.00000000  0.05641406   -0.04069341 -0.00000000
    2    2
  0.23011147  0.00000000   -0.01238259  0.00000000    0.00000000  0.01506799
 -0.01238259  0.00000000    0.23011147  0.00000000    0.00000000 -0.01506799
  0.00000000 -0.01506799    0.00000000  0.01506799    0.26275050  0.00000000

     Diagonalizing the dynamical matrix

     q = (    0.750000000   0.000000000   0.750000000 ) 

 **************************************************************************
     freq (    1) =       2.194858 [THz] =      73.212596 [cm-1]
 ( -0.377381 -0.377381  0.000000  0.000000  0.377381  0.377381 ) 
 (  0.463861  0.000000 -0.000000  0.000000 -0.463861  0.000000 ) 
     freq (    2) =       3.099821 [THz] =     103.398903 [cm-1]
 (  0.358491  0.358491  0.231526 -0.231526  0.358491  0.358491 ) 
 (  0.383133  0.000000 -0.000000  0.291800  0.383133  0.000000 ) 
     freq (    3) =       6.060818 [THz] =     202.167137 [cm-1]
 ( -0.137899 -0.137899  0.203597 -0.203597 -0.137899 -0.137899 ) 
 (  0.400376 -0.000000 -0.000000 -0.721409  0.400376  0.000000 ) 
     freq (    4) =       6.474219 [THz] =     215.956688 [cm-1]
 (  0.223381  0.223381 -0.569334  0.569334  0.223381  0.223381 ) 
 (  0.074201 -0.000000 -0.000000 -0.375645  0.074201  0.000000 ) 
     freq (    5) =       7.655736 [THz] =     255.367850 [cm-1]
 (  0.341279  0.341279  0.000000  0.000000 -0.341279 -0.341279 ) 
 (  0.516775 -0.000000 -0.000000  0.000000 -0.516775  0.000000 ) 
     freq (    6) =       8.038226 [THz] =     268.126372 [cm-1]
 (  0.245471  0.245471  0.303550 -0.303550  0.245471  0.245471 ) 
 ( -0.416395  0.000000 -0.000000 -0.477411 -0.416395  0.000000 ) 
 **************************************************************************
