Dynamical matrix file
                                                                           
  2    2  2 10.6867000  0.0000000  0.0000000  0.0000000  0.0000000  0.0000000
           1  'Ga  '    63548.6268941884     
           2  'As  '    68286.8563741160     
    1    1      0.0000000000      0.0000000000      0.0000000000
    2    2      0.2500000000      0.2500000000      0.2500000000

     Dynamical  Matrix in cartesian axes

     q = (    0.500000000  -0.250000000   0.750000000 ) 

    1    1
  0.17824330  0.00000000   -0.00901694 -0.00451934    0.00901694 -0.00451934
 -0.00901694  0.00451934    0.20778764  0.00000000   -0.00897165  0.01605734
  0.00901694  0.00451934   -0.00897165 -0.01605734    0.20778764 -0.00000000
    1    2
 -0.04598149  0.04598149   -0.09413409  0.02079994    0.02079994 -0.09413409
 -0.09173152  0.01720851   -0.05099613  0.05411753   -0.04782042  0.03445844
  0.01720851 -0.09173152   -0.03445844  0.04782042   -0.05411753  0.05099613
    2    1
 -0.04598149 -0.04598149   -0.09173152 -0.01720851    0.01720851  0.09173152
 -0.09413409 -0.02079994   -0.05099613 -0.05411753   -0.03445844 -0.04782042
  0.02079994  0.09413409   -0.04782042 -0.03445844   -0.05411753 -0.05099613
    2    2
  0.22842424  0.00000000   -0.01350033 -0.00489825    0.01350033 -0.00489825
 -0.01350033  0.00489825    0.24303102  0.00000000   -0.00766791  0.02262782
  0.01350033  0.00489825   -0.00766791 -0.02262782    0.24303102  0.00000000

     Dynamical  Matrix in cartesian axes

     q = (    0.750000000  -0.250000000   0.500000000 ) 

    1    1
  0.20778764  0.00000000   -0.00897165 -0.01605734    0.00901694  0.00451934
 -0.00897165  0.01605734    0.20778764  0.00000000   -0.00901694  0.00451934
  0.00901694 -0.00451934   -0.00901694 -0.00451934    0.17824330  0.00000000
    1    2
 -0.05411753  0.05099613   -0.03445844  0.04782042    0.01720851 -0.09173152
 -0.04782042  0.03445844   -0.05099613  0.05411753   -0.09173152  0.01720851
  0.02079994 -0.09413409   -0.09413409  0.02079994   -0.04598149  0.04598149
    2    1
 -0.05411753 -0.05099613   -0.04782042 -0.03445844    0.02079994  0.09413409
 -0.03445844 -0.04782042   -0.05099613 -0.05411753   -0.09413409 -0.02079994
  0.01720851  0.09173152   -0.09173152 -0.01720851   -0.04598149 -0.04598149
    2    2
  0.24303102  0.00000000   -0.00766791 -0.02262782    0.01350033  0.00489825
 -0.00766791  0.02262782    0.24303102  0.00000000   -0.01350033  0.00489825
  0.01350033 -0.00489825   -0.01350033 -0.00489825    0.22842424  0.00000000

     Dynamical  Matrix in cartesian axes

     q = (   -0.500000000  -0.250000000  -0.750000000 ) 

    1    1
  0.17824330  0.00000000    0.00901694  0.00451934    0.00901694 -0.00451934
  0.00901694 -0.00451934    0.20778764  0.00000000    0.00897165 -0.01605734
  0.00901694  0.00451934    0.00897165  0.01605734    0.20778764  0.00000000
    1    2
  0.06502765 -0.00000000   -0.08127063 -0.05185508   -0.08127063  0.05185508
 -0.07703223 -0.05269572    0.07432658 -0.00220716   -0.05817994 -0.00944835
 -0.07703223  0.05269572   -0.05817994  0.00944835    0.07432658  0.00220716
    2    1
  0.06502765 -0.00000000   -0.07703223  0.05269572   -0.07703223 -0.05269572
 -0.08127063  0.05185508    0.07432658  0.00220716   -0.05817994 -0.00944835
 -0.08127063 -0.05185508   -0.05817994  0.00944835    0.07432658 -0.00220716
    2    2
  0.22842424 -0.00000000    0.01350033  0.00489825    0.01350033 -0.00489825
  0.01350033 -0.00489825    0.24303102 -0.00000000    0.00766791 -0.02262782
  0.01350033  0.00489825    0.00766791  0.02262782    0.24303102 -0.00000000

     Dynamical  Matrix in cartesian axes

     q = (   -0.750000000  -0.250000000  -0.500000000 ) 

    1    1
  0.20778764  0.00000000    0.00897165  0.01605734    0.00901694  0.00451934
  0.00897165 -0.01605734    0.20778764  0.00000000    0.00901694 -0.00451934
  0.00901694 -0.00451934    0.00901694  0.00451934    0.17824330  0.00000000
    1    2
  0.07432658  0.00220716   -0.05817994  0.00944835   -0.07703223  0.05269572
 -0.05817994 -0.00944835    0.07432658 -0.00220716   -0.07703223 -0.05269572
 -0.08127063  0.05185508   -0.08127063 -0.05185508    0.06502765 -0.00000000
    2    1
  0.07432658 -0.00220716   -0.05817994  0.00944835   -0.08127063 -0.05185508
 -0.05817994 -0.00944835    0.07432658  0.00220716   -0.08127063  0.05185508
 -0.07703223 -0.05269572   -0.07703223  0.05269572    0.06502765 -0.00000000
    2    2
  0.24303102  0.00000000    0.00766791  0.02262782    0.01350033  0.00489825
  0.00766791 -0.02262782    0.24303102  0.00000000    0.01350033 -0.00489825
  0.01350033 -0.00489825    0.01350033  0.00489825    0.22842424  0.00000000

     Dynamical  Matrix in cartesian axes

     q = (   -0.750000000   0.250000000   0.500000000 ) 

    1    1
  0.20778764  0.00000000   -0.00897165 -0.01605734   -0.00901694 -0.00451934
 -0.00897165  0.01605734    0.20778764  0.00000000    0.00901694 -0.00451934
 -0.00901694  0.00451934    0.00901694  0.00451934    0.17824330  0.00000000
    1    2
 -0.05099613 -0.05411753   -0.04782042 -0.03445844   -0.09173152 -0.01720851
 -0.03445844 -0.04782042   -0.05411753 -0.05099613    0.01720851  0.09173152
 -0.09413409 -0.02079994    0.02079994  0.09413409   -0.04598149 -0.04598149
    2    1
 -0.05099613  0.05411753   -0.03445844  0.04782042   -0.09413409  0.02079994
 -0.04782042  0.03445844   -0.05411753  0.05099613    0.02079994 -0.09413409
 -0.09173152  0.01720851    0.01720851 -0.09173152   -0.04598149  0.04598149
    2    2
  0.24303102  0.00000000   -0.00766791 -0.02262782   -0.01350033 -0.00489825
 -0.00766791  0.02262782    0.24303102  0.00000000    0.01350033 -0.00489825
 -0.01350033  0.00489825    0.01350033  0.00489825    0.22842424  0.00000000

     Dynamical  Matrix in cartesian axes

     q = (    0.750000000   0.250000000  -0.500000000 ) 

    1    1
  0.20778764  0.00000000    0.00897165  0.01605734   -0.00901694 -0.00451934
  0.00897165 -0.01605734    0.20778764 -0.00000000   -0.00901694  0.00451934
 -0.00901694  0.00451934   -0.00901694 -0.00451934    0.17824330  0.00000000
    1    2
 -0.07432658 -0.00220716    0.05817994 -0.00944835   -0.07703223  0.05269572
  0.05817994  0.00944835   -0.07432658  0.00220716   -0.07703223 -0.05269572
 -0.08127063  0.05185508   -0.08127063 -0.05185508   -0.06502765  0.00000000
    2    1
 -0.07432658  0.00220716    0.05817994 -0.00944835   -0.08127063 -0.05185508
  0.05817994  0.00944835   -0.07432658 -0.00220716   -0.08127063  0.05185508
 -0.07703223 -0.05269572   -0.07703223  0.05269572   -0.06502765  0.00000000
    2    2
  0.24303102  0.00000000    0.00766791  0.02262782   -0.01350033 -0.00489825
  0.00766791 -0.02262782    0.24303102 -0.00000000   -0.01350033  0.00489825
 -0.01350033  0.00489825   -0.01350033 -0.00489825    0.22842424  0.00000000

     Dynamical  Matrix in cartesian axes

     q = (   -0.500000000   0.250000000   0.750000000 ) 

    1    1
  0.17824330  0.00000000   -0.00901694 -0.00451934   -0.00901694  0.00451934
 -0.00901694  0.00451934    0.20778764  0.00000000    0.00897165 -0.01605734
 -0.00901694 -0.00451934    0.00897165  0.01605734    0.20778764  0.00000000
    1    2
 -0.06502765  0.00000000   -0.08127063 -0.05185508   -0.08127063  0.05185508
 -0.07703223 -0.05269572   -0.07432658  0.00220716    0.05817994  0.00944835
 -0.07703223  0.05269572    0.05817994 -0.00944835   -0.07432658 -0.00220716
    2    1
 -0.06502765  0.00000000   -0.07703223  0.05269572   -0.07703223 -0.05269572
 -0.08127063  0.05185508   -0.07432658 -0.00220716    0.05817994  0.00944835
 -0.08127063 -0.05185508    0.05817994 -0.00944835   -0.07432658  0.00220716
    2    2
  0.22842424  0.00000000   -0.01350033 -0.00489825   -0.01350033  0.00489825
 -0.01350033  0.00489825    0.24303102  0.00000000    0.00766791 -0.02262782
 -0.01350033 -0.00489825    0.00766791  0.02262782    0.24303102  0.00000000

     Dynamical  Matrix in cartesian axes

     q = (    0.500000000   0.250000000  -0.750000000 ) 

    1    1
  0.17824330  0.00000000    0.00901694  0.00451934   -0.00901694  0.00451934
  0.00901694 -0.00451934    0.20778764 -0.00000000   -0.00897165  0.01605734
 -0.00901694 -0.00451934   -0.00897165 -0.01605734    0.20778764  0.00000000
    1    2
 -0.04598149 -0.04598149    0.02079994  0.09413409   -0.09413409 -0.02079994
  0.01720851  0.09173152   -0.05411753 -0.05099613   -0.03445844 -0.04782042
 -0.09173152 -0.01720851   -0.04782042 -0.03445844   -0.05099613 -0.05411753
    2    1
 -0.04598149  0.04598149    0.01720851 -0.09173152   -0.09173152  0.01720851
  0.02079994 -0.09413409   -0.05411753  0.05099613   -0.04782042  0.03445844
 -0.09413409  0.02079994   -0.03445844  0.04782042   -0.05099613  0.05411753
    2    2
  0.22842424  0.00000000    0.01350033  0.00489825   -0.01350033  0.00489825
  0.01350033 -0.00489825    0.24303102 -0.00000000   -0.00766791  0.02262782
 -0.01350033 -0.00489825   -0.00766791 -0.02262782    0.24303102 -0.00000000

     Dynamical  Matrix in cartesian axes

     q = (    0.750000000   0.500000000  -0.250000000 ) 

    1    1
  0.20778764  0.00000000    0.00901694  0.00451934   -0.00897165 -0.01605734
  0.00901694 -0.00451934    0.17824330  0.00000000   -0.00901694 -0.00451934
 -0.00897165  0.01605734   -0.00901694  0.00451934    0.20778764  0.00000000
    1    2
 -0.05411753  0.05099613    0.01720851 -0.09173152   -0.03445844  0.04782042
  0.02079994 -0.09413409   -0.04598149  0.04598149   -0.09413409  0.02079994
 -0.04782042  0.03445844   -0.09173152  0.01720851   -0.05099613  0.05411753
    2    1
 -0.05411753 -0.05099613    0.02079994  0.09413409   -0.04782042 -0.03445844
  0.01720851  0.09173152   -0.04598149 -0.04598149   -0.09173152 -0.01720851
 -0.03445844 -0.04782042   -0.09413409 -0.02079994   -0.05099613 -0.05411753
    2    2
  0.24303102  0.00000000    0.01350033  0.00489825   -0.00766791 -0.02262782
  0.01350033 -0.00489825    0.22842424  0.00000000   -0.01350033 -0.00489825
 -0.00766791  0.02262782   -0.01350033  0.00489825    0.24303102  0.00000000

     Dynamical  Matrix in cartesian axes

     q = (   -0.500000000  -0.750000000  -0.250000000 ) 

    1    1
  0.17824330  0.00000000    0.00901694 -0.00451934    0.00901694  0.00451934
  0.00901694  0.00451934    0.20778764  0.00000000    0.00897165  0.01605734
  0.00901694 -0.00451934    0.00897165 -0.01605734    0.20778764  0.00000000
    1    2
  0.06502765 -0.00000000   -0.08127063  0.05185508   -0.08127063 -0.05185508
 -0.07703223  0.05269572    0.07432658  0.00220716   -0.05817994  0.00944835
 -0.07703223 -0.05269572   -0.05817994 -0.00944835    0.07432658 -0.00220716
    2    1
  0.06502765 -0.00000000   -0.07703223 -0.05269572   -0.07703223  0.05269572
 -0.08127063 -0.05185508    0.07432658 -0.00220716   -0.05817994  0.00944835
 -0.08127063  0.05185508   -0.05817994 -0.00944835    0.07432658  0.00220716
    2    2
  0.22842424  0.00000000    0.01350033 -0.00489825    0.01350033  0.00489825
  0.01350033  0.00489825    0.24303102  0.00000000    0.00766791  0.02262782
  0.01350033 -0.00489825    0.00766791 -0.02262782    0.24303102  0.00000000

     Dynamical  Matrix in cartesian axes

     q = (   -0.750000000  -0.500000000  -0.250000000 ) 

    1    1
  0.20778764  0.00000000    0.00901694  0.00451934    0.00897165  0.01605734
  0.00901694 -0.00451934    0.17824330  0.00000000    0.00901694  0.00451934
  0.00897165 -0.01605734    0.00901694 -0.00451934    0.20778764  0.00000000
    1    2
  0.07432658  0.00220716   -0.07703223  0.05269572   -0.05817994  0.00944835
 -0.08127063  0.05185508    0.06502765 -0.00000000   -0.08127063 -0.05185508
 -0.05817994 -0.00944835   -0.07703223 -0.05269572    0.07432658 -0.00220716
    2    1
  0.07432658 -0.00220716   -0.08127063 -0.05185508   -0.05817994  0.00944835
 -0.07703223 -0.05269572    0.06502765 -0.00000000   -0.07703223  0.05269572
 -0.05817994 -0.00944835   -0.08127063  0.05185508    0.07432658  0.00220716
    2    2
  0.24303102  0.00000000    0.01350033  0.00489825    0.00766791  0.02262782
  0.01350033 -0.00489825    0.22842424  0.00000000    0.01350033  0.00489825
  0.00766791 -0.02262782    0.01350033 -0.00489825    0.24303102  0.00000000

     Dynamical  Matrix in cartesian axes

     q = (   -0.750000000   0.500000000   0.250000000 ) 

    1    1
  0.20778764  0.00000000   -0.00901694 -0.00451934   -0.00897165 -0.01605734
 -0.00901694  0.00451934    0.17824330  0.00000000    0.00901694  0.00451934
 -0.00897165  0.01605734    0.00901694 -0.00451934    0.20778764 -0.00000000
    1    2
 -0.05099613 -0.05411753   -0.09173152 -0.01720851   -0.04782042 -0.03445844
 -0.09413409 -0.02079994   -0.04598149 -0.04598149    0.02079994  0.09413409
 -0.03445844 -0.04782042    0.01720851  0.09173152   -0.05411753 -0.05099613
    2    1
 -0.05099613  0.05411753   -0.09413409  0.02079994   -0.03445844  0.04782042
 -0.09173152  0.01720851   -0.04598149  0.04598149    0.01720851 -0.09173152
 -0.04782042  0.03445844    0.02079994 -0.09413409   -0.05411753  0.05099613
    2    2
  0.24303102  0.00000000   -0.01350033 -0.00489825   -0.00766791 -0.02262782
 -0.01350033  0.00489825    0.22842424  0.00000000    0.01350033  0.00489825
 -0.00766791  0.02262782    0.01350033 -0.00489825    0.24303102  0.00000000

     Dynamical  Matrix in cartesian axes

     q = (   -0.500000000   0.750000000   0.250000000 ) 

    1    1
  0.17824330  0.00000000   -0.00901694  0.00451934   -0.00901694 -0.00451934
 -0.00901694 -0.00451934    0.20778764 -0.00000000    0.00897165  0.01605734
 -0.00901694  0.00451934    0.00897165 -0.01605734    0.20778764 -0.00000000
    1    2
 -0.06502765  0.00000000   -0.08127063  0.05185508   -0.08127063 -0.05185508
 -0.07703223  0.05269572   -0.07432658 -0.00220716    0.05817994 -0.00944835
 -0.07703223 -0.05269572    0.05817994  0.00944835   -0.07432658  0.00220716
    2    1
 -0.06502765  0.00000000   -0.07703223 -0.05269572   -0.07703223  0.05269572
 -0.08127063 -0.05185508   -0.07432658  0.00220716    0.05817994 -0.00944835
 -0.08127063  0.05185508    0.05817994  0.00944835   -0.07432658 -0.00220716
    2    2
  0.22842424  0.00000000   -0.01350033  0.00489825   -0.01350033 -0.00489825
 -0.01350033 -0.00489825    0.24303102  0.00000000    0.00766791  0.02262782
 -0.01350033  0.00489825    0.00766791 -0.02262782    0.24303102  0.00000000

     Dynamical  Matrix in cartesian axes

     q = (   -0.250000000   0.500000000   0.750000000 ) 

    1    1
  0.20778764  0.00000000   -0.00901694  0.00451934   -0.00897165  0.01605734
 -0.00901694 -0.00451934    0.17824330  0.00000000    0.00901694 -0.00451934
 -0.00897165 -0.01605734    0.00901694  0.00451934    0.20778764  0.00000000
    1    2
 -0.05099613  0.05411753   -0.09173152  0.01720851   -0.04782042  0.03445844
 -0.09413409  0.02079994   -0.04598149  0.04598149    0.02079994 -0.09413409
 -0.03445844  0.04782042    0.01720851 -0.09173152   -0.05411753  0.05099613
    2    1
 -0.05099613 -0.05411753   -0.09413409 -0.02079994   -0.03445844 -0.04782042
 -0.09173152 -0.01720851   -0.04598149 -0.04598149    0.01720851  0.09173152
 -0.04782042 -0.03445844    0.02079994  0.09413409   -0.05411753 -0.05099613
    2    2
  0.24303102  0.00000000   -0.01350033  0.00489825   -0.00766791  0.02262782
 -0.01350033 -0.00489825    0.22842424  0.00000000    0.01350033 -0.00489825
 -0.00766791 -0.02262782    0.01350033  0.00489825    0.24303102  0.00000000

     Dynamical  Matrix in cartesian axes

     q = (    0.250000000   0.500000000  -0.750000000 ) 

    1    1
  0.20778764  0.00000000    0.00901694 -0.00451934   -0.00897165  0.01605734
  0.00901694  0.00451934    0.17824330  0.00000000   -0.00901694  0.00451934
 -0.00897165 -0.01605734   -0.00901694 -0.00451934    0.20778764  0.00000000
    1    2
 -0.05411753 -0.05099613    0.01720851  0.09173152   -0.03445844 -0.04782042
  0.02079994  0.09413409   -0.04598149 -0.04598149   -0.09413409 -0.02079994
 -0.04782042 -0.03445844   -0.09173152 -0.01720851   -0.05099613 -0.05411753
    2    1
 -0.05411753  0.05099613    0.02079994 -0.09413409   -0.04782042  0.03445844
  0.01720851 -0.09173152   -0.04598149  0.04598149   -0.09173152  0.01720851
 -0.03445844  0.04782042   -0.09413409  0.02079994   -0.05099613  0.05411753
    2    2
  0.24303102 -0.00000000    0.01350033 -0.00489825   -0.00766791  0.02262782
  0.01350033  0.00489825    0.22842424 -0.00000000   -0.01350033  0.00489825
 -0.00766791 -0.02262782   -0.01350033 -0.00489825    0.24303102 -0.00000000

     Dynamical  Matrix in cartesian axes

     q = (   -0.250000000  -0.500000000  -0.750000000 ) 

    1    1
  0.20778764  0.00000000    0.00901694 -0.00451934    0.00897165 -0.01605734
  0.00901694  0.00451934    0.17824330  0.00000000    0.00901694 -0.00451934
  0.00897165  0.01605734    0.00901694  0.00451934    0.20778764  0.00000000
    1    2
  0.07432658 -0.00220716   -0.07703223 -0.05269572   -0.05817994 -0.00944835
 -0.08127063 -0.05185508    0.06502765 -0.00000000   -0.08127063  0.05185508
 -0.05817994  0.00944835   -0.07703223  0.05269572    0.07432658  0.00220716
    2    1
  0.07432658  0.00220716   -0.08127063  0.05185508   -0.05817994 -0.00944835
 -0.07703223  0.05269572    0.06502765 -0.00000000   -0.07703223 -0.05269572
 -0.05817994  0.00944835   -0.08127063 -0.05185508    0.07432658 -0.00220716
    2    2
  0.24303102 -0.00000000    0.01350033 -0.00489825    0.00766791 -0.02262782
  0.01350033  0.00489825    0.22842424 -0.00000000    0.01350033 -0.00489825
  0.00766791  0.02262782    0.01350033  0.00489825    0.24303102 -0.00000000

     Dynamical  Matrix in cartesian axes

     q = (    0.250000000  -0.500000000   0.750000000 ) 

    1    1
  0.20778764  0.00000000   -0.00901694  0.00451934    0.00897165 -0.01605734
 -0.00901694 -0.00451934    0.17824330  0.00000000   -0.00901694  0.00451934
  0.00897165  0.01605734   -0.00901694 -0.00451934    0.20778764 -0.00000000
    1    2
 -0.07432658  0.00220716   -0.07703223 -0.05269572    0.05817994  0.00944835
 -0.08127063 -0.05185508   -0.06502765  0.00000000   -0.08127063  0.05185508
  0.05817994 -0.00944835   -0.07703223  0.05269572   -0.07432658 -0.00220716
    2    1
 -0.07432658 -0.00220716   -0.08127063  0.05185508    0.05817994  0.00944835
 -0.07703223  0.05269572   -0.06502765  0.00000000   -0.07703223 -0.05269572
  0.05817994 -0.00944835   -0.08127063 -0.05185508   -0.07432658  0.00220716
    2    2
  0.24303102  0.00000000   -0.01350033  0.00489825    0.00766791 -0.02262782
 -0.01350033 -0.00489825    0.22842424  0.00000000   -0.01350033  0.00489825
  0.00766791  0.02262782   -0.01350033 -0.00489825    0.24303102  0.00000000

     Dynamical  Matrix in cartesian axes

     q = (   -0.250000000   0.750000000   0.500000000 ) 

    1    1
  0.20778764  0.00000000   -0.00897165  0.01605734   -0.00901694  0.00451934
 -0.00897165 -0.01605734    0.20778764 -0.00000000    0.00901694  0.00451934
 -0.00901694 -0.00451934    0.00901694 -0.00451934    0.17824330  0.00000000
    1    2
 -0.05099613  0.05411753   -0.04782042  0.03445844   -0.09173152  0.01720851
 -0.03445844  0.04782042   -0.05411753  0.05099613    0.01720851 -0.09173152
 -0.09413409  0.02079994    0.02079994 -0.09413409   -0.04598149  0.04598149
    2    1
 -0.05099613 -0.05411753   -0.03445844 -0.04782042   -0.09413409 -0.02079994
 -0.04782042 -0.03445844   -0.05411753 -0.05099613    0.02079994  0.09413409
 -0.09173152 -0.01720851    0.01720851  0.09173152   -0.04598149 -0.04598149
    2    2
  0.24303102  0.00000000   -0.00766791  0.02262782   -0.01350033  0.00489825
 -0.00766791 -0.02262782    0.24303102  0.00000000    0.01350033  0.00489825
 -0.01350033 -0.00489825    0.01350033 -0.00489825    0.22842424  0.00000000

     Dynamical  Matrix in cartesian axes

     q = (   -0.250000000  -0.750000000  -0.500000000 ) 

    1    1
  0.20778764  0.00000000    0.00897165 -0.01605734    0.00901694 -0.00451934
  0.00897165  0.01605734    0.20778764  0.00000000    0.00901694  0.00451934
  0.00901694  0.00451934    0.00901694 -0.00451934    0.17824330  0.00000000
    1    2
  0.07432658 -0.00220716   -0.05817994 -0.00944835   -0.07703223 -0.05269572
 -0.05817994  0.00944835    0.07432658  0.00220716   -0.07703223  0.05269572
 -0.08127063 -0.05185508   -0.08127063  0.05185508    0.06502765 -0.00000000
    2    1
  0.07432658  0.00220716   -0.05817994 -0.00944835   -0.08127063  0.05185508
 -0.05817994  0.00944835    0.07432658 -0.00220716   -0.08127063 -0.05185508
 -0.07703223  0.05269572   -0.07703223 -0.05269572    0.06502765 -0.00000000
    2    2
  0.24303102  0.00000000    0.00766791 -0.02262782    0.01350033 -0.00489825
  0.00766791  0.02262782    0.24303102  0.00000000    0.01350033  0.00489825
  0.01350033  0.00489825    0.01350033 -0.00489825    0.22842424  0.00000000

     Dynamical  Matrix in cartesian axes

     q = (    0.250000000  -0.750000000   0.500000000 ) 

    1    1
  0.20778764  0.00000000   -0.00897165  0.01605734    0.00901694 -0.00451934
 -0.00897165 -0.01605734    0.20778764  0.00000000   -0.00901694 -0.00451934
  0.00901694  0.00451934   -0.00901694  0.00451934    0.17824330  0.00000000
    1    2
 -0.05411753 -0.05099613   -0.03445844 -0.04782042    0.01720851  0.09173152
 -0.04782042 -0.03445844   -0.05099613 -0.05411753   -0.09173152 -0.01720851
  0.02079994  0.09413409   -0.09413409 -0.02079994   -0.04598149 -0.04598149
    2    1
 -0.05411753  0.05099613   -0.04782042  0.03445844    0.02079994 -0.09413409
 -0.03445844  0.04782042   -0.05099613  0.05411753   -0.09413409  0.02079994
  0.01720851 -0.09173152   -0.09173152  0.01720851   -0.04598149  0.04598149
    2    2
  0.24303102  0.00000000   -0.00766791  0.02262782    0.01350033 -0.00489825
 -0.00766791 -0.02262782    0.24303102  0.00000000   -0.01350033 -0.00489825
  0.01350033  0.00489825   -0.01350033  0.00489825    0.22842424  0.00000000

     Dynamical  Matrix in cartesian axes

     q = (    0.250000000   0.750000000  -0.500000000 ) 

    1    1
  0.20778764  0.00000000    0.00897165 -0.01605734   -0.00901694  0.00451934
  0.00897165  0.01605734    0.20778764  0.00000000   -0.00901694 -0.00451934
 -0.00901694 -0.00451934   -0.00901694  0.00451934    0.17824330  0.00000000
    1    2
 -0.07432658  0.00220716    0.05817994  0.00944835   -0.07703223 -0.05269572
  0.05817994 -0.00944835   -0.07432658 -0.00220716   -0.07703223  0.05269572
 -0.08127063 -0.05185508   -0.08127063  0.05185508   -0.06502765  0.00000000
    2    1
 -0.07432658 -0.00220716    0.05817994  0.00944835   -0.08127063  0.05185508
  0.05817994 -0.00944835   -0.07432658  0.00220716   -0.08127063 -0.05185508
 -0.07703223  0.05269572   -0.07703223 -0.05269572   -0.06502765  0.00000000
    2    2
  0.24303102 -0.00000000    0.00766791 -0.02262782   -0.01350033  0.00489825
  0.00766791  0.02262782    0.24303102  0.00000000   -0.01350033 -0.00489825
 -0.01350033 -0.00489825   -0.01350033  0.00489825    0.22842424 -0.00000000

     Dynamical  Matrix in cartesian axes

     q = (    0.500000000   0.750000000  -0.250000000 ) 

    1    1
  0.17824330  0.00000000    0.00901694 -0.00451934   -0.00901694 -0.00451934
  0.00901694  0.00451934    0.20778764  0.00000000   -0.00897165 -0.01605734
 -0.00901694  0.00451934   -0.00897165  0.01605734    0.20778764  0.00000000
    1    2
 -0.04598149  0.04598149    0.02079994 -0.09413409   -0.09413409  0.02079994
  0.01720851 -0.09173152   -0.05411753  0.05099613   -0.03445844  0.04782042
 -0.09173152  0.01720851   -0.04782042  0.03445844   -0.05099613  0.05411753
    2    1
 -0.04598149 -0.04598149    0.01720851  0.09173152   -0.09173152 -0.01720851
  0.02079994  0.09413409   -0.05411753 -0.05099613   -0.04782042 -0.03445844
 -0.09413409 -0.02079994   -0.03445844 -0.04782042   -0.05099613 -0.05411753
    2    2
  0.22842424 -0.00000000    0.01350033 -0.00489825   -0.01350033 -0.00489825
  0.01350033  0.00489825    0.24303102  0.00000000   -0.00766791 -0.02262782
 -0.01350033  0.00489825   -0.00766791  0.02262782    0.24303102  0.00000000

     Dynamical  Matrix in cartesian axes

     q = (    0.750000000  -0.500000000   0.250000000 ) 

    1    1
  0.20778764  0.00000000   -0.00901694 -0.00451934    0.00897165  0.01605734
 -0.00901694  0.00451934    0.17824330  0.00000000   -0.00901694 -0.00451934
  0.00897165 -0.01605734   -0.00901694  0.00451934    0.20778764  0.00000000
    1    2
 -0.07432658 -0.00220716   -0.07703223  0.05269572    0.05817994 -0.00944835
 -0.08127063  0.05185508   -0.06502765 -0.00000000   -0.08127063 -0.05185508
  0.05817994  0.00944835   -0.07703223 -0.05269572   -0.07432658  0.00220716
    2    1
 -0.07432658  0.00220716   -0.08127063 -0.05185508    0.05817994 -0.00944835
 -0.07703223 -0.05269572   -0.06502765  0.00000000   -0.07703223  0.05269572
  0.05817994  0.00944835   -0.08127063  0.05185508   -0.07432658 -0.00220716
    2    2
  0.24303102  0.00000000   -0.01350033 -0.00489825    0.00766791  0.02262782
 -0.01350033  0.00489825    0.22842424  0.00000000   -0.01350033 -0.00489825
  0.00766791 -0.02262782   -0.01350033  0.00489825    0.24303102  0.00000000

     Dynamical  Matrix in cartesian axes

     q = (    0.500000000  -0.750000000   0.250000000 ) 

    1    1
  0.17824330  0.00000000   -0.00901694  0.00451934    0.00901694  0.00451934
 -0.00901694 -0.00451934    0.20778764  0.00000000   -0.00897165 -0.01605734
  0.00901694 -0.00451934   -0.00897165  0.01605734    0.20778764  0.00000000
    1    2
 -0.04598149 -0.04598149   -0.09413409 -0.02079994    0.02079994  0.09413409
 -0.09173152 -0.01720851   -0.05099613 -0.05411753   -0.04782042 -0.03445844
  0.01720851  0.09173152   -0.03445844 -0.04782042   -0.05411753 -0.05099613
    2    1
 -0.04598149  0.04598149   -0.09173152  0.01720851    0.01720851 -0.09173152
 -0.09413409  0.02079994   -0.05099613  0.05411753   -0.03445844  0.04782042
  0.02079994 -0.09413409   -0.04782042  0.03445844   -0.05411753  0.05099613
    2    2
  0.22842424  0.00000000   -0.01350033  0.00489825    0.01350033  0.00489825
 -0.01350033 -0.00489825    0.24303102  0.00000000   -0.00766791 -0.02262782
  0.01350033 -0.00489825   -0.00766791  0.02262782    0.24303102 -0.00000000

     Diagonalizing the dynamical matrix

     q = (    0.500000000  -0.250000000   0.750000000 ) 

 **************************************************************************
     freq (    1) =       2.298825 [THz] =      76.680561 [cm-1]
 ( -0.226939  0.602982 -0.139722  0.237245  0.051373 -0.270496 ) 
 ( -0.454553  0.205961 -0.200125  0.228208  0.303528  0.000000 ) 
     freq (    2) =       2.875005 [THz] =      95.899840 [cm-1]
 (  0.148805  0.189807  0.290427 -0.420388  0.477556 -0.181697 ) 
 (  0.036733 -0.303359  0.392249  0.096407  0.403923  0.000000 ) 
     freq (    3) =       5.441179 [THz] =     181.498193 [cm-1]
 (  0.364363 -0.062849 -0.363818  0.207190  0.412206  0.073334 ) 
 ( -0.281300 -0.198534  0.148724  0.418284 -0.443938  0.000000 ) 
     freq (    4) =       6.814171 [THz] =     227.296263 [cm-1]
 (  0.324942 -0.080658 -0.302216  0.364723  0.437692  0.181061 ) 
 (  0.202233  0.121800 -0.204762 -0.387042  0.437869  0.000000 ) 
     freq (    5) =       7.723306 [THz] =     257.621762 [cm-1]
 (  0.319906 -0.220129  0.410878 -0.016121 -0.161873  0.377992 ) 
 ( -0.644528 -0.119084 -0.188474 -0.072107  0.201797  0.000000 ) 
     freq (    6) =       8.070742 [THz] =     269.210981 [cm-1]
 (  0.070397  0.397221  0.354743 -0.063045  0.354804 -0.062703 ) 
 ( -0.075946  0.108662 -0.181852 -0.496945 -0.529174  0.000000 ) 
 **************************************************************************
