Dynamical matrix file
                                                                           
  2    2  2 10.6867000  0.0000000  0.0000000  0.0000000  0.0000000  0.0000000
           1  'Ga  '    63548.6268941884     
           2  'As  '    68286.8563741160     
    1    1      0.0000000000      0.0000000000      0.0000000000
    2    2      0.2500000000      0.2500000000      0.2500000000

     Dynamical  Matrix in cartesian axes

     q = (   -0.250000000   0.500000000   0.000000000 ) 

    1    1
  0.17930314  0.00000000   -0.01043812  0.00000000    0.00000000 -0.00495681
 -0.01043812  0.00000000    0.23219994  0.00000000   -0.00000000  0.01598154
  0.00000000  0.00495681    0.00000000 -0.01598154    0.18748346  0.00000000
    1    2
 -0.11377121  0.04712558   -0.03532384  0.01463161   -0.03679082 -0.08882091
 -0.02985156  0.01236492   -0.12932361  0.05356759    0.01171995  0.02829446
 -0.03867792 -0.09337675    0.02072416  0.05003254   -0.11808298  0.04891157
    2    1
 -0.11377121 -0.04712558   -0.02985156 -0.01236492   -0.03867792  0.09337675
 -0.03532384 -0.01463161   -0.12932361 -0.05356759    0.02072416 -0.05003254
 -0.03679082  0.08882091    0.01171995 -0.02829446   -0.11808298 -0.04891157
    2    2
  0.21917465  0.00000000   -0.01513167  0.00000000    0.00000000 -0.00433814
 -0.01513167  0.00000000    0.24433460  0.00000000    0.00000000  0.01783270
 -0.00000000  0.00433814   -0.00000000 -0.01783270    0.22384348  0.00000000

     Dynamical  Matrix in cartesian axes

     q = (    0.000000000   0.500000000  -0.250000000 ) 

    1    1
  0.18748346  0.00000000    0.00000000 -0.01598154   -0.00000000  0.00495681
 -0.00000000  0.01598154    0.23219994 -0.00000000   -0.01043812  0.00000000
 -0.00000000 -0.00495681   -0.01043812 -0.00000000    0.17930314 -0.00000000
    1    2
 -0.11808298  0.04891157    0.02072416  0.05003254   -0.03867792 -0.09337675
  0.01171995  0.02829446   -0.12932361  0.05356759   -0.02985156  0.01236492
 -0.03679082 -0.08882091   -0.03532384  0.01463161   -0.11377121  0.04712558
    2    1
 -0.11808298 -0.04891157    0.01171995 -0.02829446   -0.03679082  0.08882091
  0.02072416 -0.05003254   -0.12932361 -0.05356759   -0.03532384 -0.01463161
 -0.03867792  0.09337675   -0.02985156 -0.01236492   -0.11377121 -0.04712558
    2    2
  0.22384348  0.00000000    0.00000000 -0.01783270    0.00000000  0.00433814
  0.00000000  0.01783270    0.24433460 -0.00000000   -0.01513167  0.00000000
  0.00000000 -0.00433814   -0.01513167 -0.00000000    0.21917465  0.00000000

     Dynamical  Matrix in cartesian axes

     q = (    0.250000000   0.500000000   0.000000000 ) 

    1    1
  0.17930314 -0.00000000    0.01043812  0.00000000   -0.00000000 -0.00495681
  0.01043812  0.00000000    0.23219994 -0.00000000    0.00000000 -0.01598154
 -0.00000000  0.00495681   -0.00000000  0.01598154    0.18748346  0.00000000
    1    2
 -0.04712558  0.11377121    0.01463161 -0.03532384   -0.08882091 -0.03679082
  0.01236492 -0.02985156   -0.05356759  0.12932361   -0.02829446 -0.01171995
 -0.09337675 -0.03867792   -0.05003254 -0.02072416   -0.04891157  0.11808298
    2    1
 -0.04712558 -0.11377121    0.01236492  0.02985156   -0.09337675  0.03867792
  0.01463161  0.03532384   -0.05356759 -0.12932361   -0.05003254  0.02072416
 -0.08882091  0.03679082   -0.02829446  0.01171995   -0.04891157 -0.11808298
    2    2
  0.21917465 -0.00000000    0.01513167  0.00000000    0.00000000 -0.00433814
  0.01513167  0.00000000    0.24433460 -0.00000000   -0.00000000 -0.01783270
  0.00000000  0.00433814   -0.00000000  0.01783270    0.22384348  0.00000000

     Dynamical  Matrix in cartesian axes

     q = (    0.000000000   0.500000000   0.250000000 ) 

    1    1
  0.18748346 -0.00000000    0.00000000  0.01598154    0.00000000  0.00495681
  0.00000000 -0.01598154    0.23219994 -0.00000000    0.01043812  0.00000000
  0.00000000 -0.00495681    0.01043812  0.00000000    0.17930314 -0.00000000
    1    2
 -0.04891157  0.11808298   -0.05003254 -0.02072416   -0.09337675 -0.03867792
 -0.02829446 -0.01171995   -0.05356759  0.12932361    0.01236492 -0.02985156
 -0.08882091 -0.03679082    0.01463161 -0.03532384   -0.04712558  0.11377121
    2    1
 -0.04891157 -0.11808298   -0.02829446  0.01171995   -0.08882091  0.03679082
 -0.05003254  0.02072416   -0.05356759 -0.12932361    0.01463161  0.03532384
 -0.09337675  0.03867792    0.01236492  0.02985156   -0.04712558 -0.11377121
    2    2
  0.22384348  0.00000000    0.00000000  0.01783270   -0.00000000  0.00433814
 -0.00000000 -0.01783270    0.24433460  0.00000000    0.01513167  0.00000000
  0.00000000 -0.00433814    0.01513167  0.00000000    0.21917465  0.00000000

     Dynamical  Matrix in cartesian axes

     q = (    0.000000000  -0.500000000  -0.250000000 ) 

    1    1
  0.18748346  0.00000000    0.00000000 -0.01598154    0.00000000 -0.00495681
  0.00000000  0.01598154    0.23219994  0.00000000    0.01043812  0.00000000
  0.00000000  0.00495681    0.01043812  0.00000000    0.17930314  0.00000000
    1    2
 -0.04891157 -0.11808298   -0.05003254  0.02072416   -0.09337675  0.03867792
 -0.02829446  0.01171995   -0.05356759 -0.12932361    0.01236492  0.02985156
 -0.08882091  0.03679082    0.01463161  0.03532384   -0.04712558 -0.11377121
    2    1
 -0.04891157  0.11808298   -0.02829446 -0.01171995   -0.08882091 -0.03679082
 -0.05003254 -0.02072416   -0.05356759  0.12932361    0.01463161 -0.03532384
 -0.09337675 -0.03867792    0.01236492 -0.02985156   -0.04712558  0.11377121
    2    2
  0.22384348  0.00000000    0.00000000 -0.01783270   -0.00000000 -0.00433814
  0.00000000  0.01783270    0.24433460  0.00000000    0.01513167 -0.00000000
  0.00000000  0.00433814    0.01513167  0.00000000    0.21917465  0.00000000

     Dynamical  Matrix in cartesian axes

     q = (    0.000000000  -0.500000000   0.250000000 ) 

    1    1
  0.18748346 -0.00000000    0.00000000  0.01598154   -0.00000000 -0.00495681
 -0.00000000 -0.01598154    0.23219994 -0.00000000   -0.01043812  0.00000000
 -0.00000000  0.00495681   -0.01043812 -0.00000000    0.17930314 -0.00000000
    1    2
 -0.11808298 -0.04891157    0.02072416 -0.05003254   -0.03867792  0.09337675
  0.01171995 -0.02829446   -0.12932361 -0.05356759   -0.02985156 -0.01236492
 -0.03679082  0.08882091   -0.03532384 -0.01463161   -0.11377121 -0.04712558
    2    1
 -0.11808298  0.04891157    0.01171995  0.02829446   -0.03679082 -0.08882091
  0.02072416  0.05003254   -0.12932361  0.05356759   -0.03532384  0.01463161
 -0.03867792 -0.09337675   -0.02985156  0.01236492   -0.11377121  0.04712558
    2    2
  0.22384348  0.00000000    0.00000000  0.01783270    0.00000000 -0.00433814
 -0.00000000 -0.01783270    0.24433460  0.00000000   -0.01513167  0.00000000
  0.00000000  0.00433814   -0.01513167 -0.00000000    0.21917465  0.00000000

     Dynamical  Matrix in cartesian axes

     q = (    0.250000000  -0.500000000   0.000000000 ) 

    1    1
  0.17930314  0.00000000   -0.01043812  0.00000000    0.00000000  0.00495681
 -0.01043812  0.00000000    0.23219994  0.00000000   -0.00000000 -0.01598154
  0.00000000 -0.00495681    0.00000000  0.01598154    0.18748346  0.00000000
    1    2
 -0.11377121 -0.04712558   -0.03532384 -0.01463161   -0.03679082  0.08882091
 -0.02985156 -0.01236492   -0.12932361 -0.05356759    0.01171995 -0.02829446
 -0.03867792  0.09337675    0.02072416 -0.05003254   -0.11808298 -0.04891157
    2    1
 -0.11377121  0.04712558   -0.02985156  0.01236492   -0.03867792 -0.09337675
 -0.03532384  0.01463161   -0.12932361  0.05356759    0.02072416  0.05003254
 -0.03679082 -0.08882091    0.01171995  0.02829446   -0.11808298  0.04891157
    2    2
  0.21917465  0.00000000   -0.01513167  0.00000000    0.00000000  0.00433814
 -0.01513167  0.00000000    0.24433460  0.00000000    0.00000000 -0.01783270
 -0.00000000 -0.00433814   -0.00000000  0.01783270    0.22384348  0.00000000

     Dynamical  Matrix in cartesian axes

     q = (   -0.250000000  -0.500000000   0.000000000 ) 

    1    1
  0.17930314 -0.00000000    0.01043812  0.00000000   -0.00000000  0.00495681
  0.01043812  0.00000000    0.23219994 -0.00000000    0.00000000  0.01598154
 -0.00000000 -0.00495681   -0.00000000 -0.01598154    0.18748346  0.00000000
    1    2
 -0.04712558 -0.11377121    0.01463161  0.03532384   -0.08882091  0.03679082
  0.01236492  0.02985156   -0.05356759 -0.12932361   -0.02829446  0.01171995
 -0.09337675  0.03867792   -0.05003254  0.02072416   -0.04891157 -0.11808298
    2    1
 -0.04712558  0.11377121    0.01236492 -0.02985156   -0.09337675 -0.03867792
  0.01463161 -0.03532384   -0.05356759  0.12932361   -0.05003254 -0.02072416
 -0.08882091 -0.03679082   -0.02829446 -0.01171995   -0.04891157  0.11808298
    2    2
  0.21917465 -0.00000000    0.01513167  0.00000000    0.00000000  0.00433814
  0.01513167  0.00000000    0.24433460 -0.00000000    0.00000000  0.01783270
  0.00000000 -0.00433814    0.00000000 -0.01783270    0.22384348  0.00000000

     Dynamical  Matrix in cartesian axes

     q = (    0.000000000  -0.250000000   0.500000000 ) 

    1    1
  0.18748346 -0.00000000    0.00000000  0.00495681    0.00000000 -0.01598154
  0.00000000 -0.00495681    0.17930314 -0.00000000   -0.01043812 -0.00000000
  0.00000000  0.01598154   -0.01043812 -0.00000000    0.23219994  0.00000000
    1    2
 -0.11808298  0.04891157   -0.03867792 -0.09337675    0.02072416  0.05003254
 -0.03679082 -0.08882091   -0.11377121  0.04712558   -0.03532384  0.01463161
  0.01171995  0.02829446   -0.02985156  0.01236492   -0.12932361  0.05356759
    2    1
 -0.11808298 -0.04891157   -0.03679082  0.08882091    0.01171995 -0.02829446
 -0.03867792  0.09337675   -0.11377121 -0.04712558   -0.02985156 -0.01236492
  0.02072416 -0.05003254   -0.03532384 -0.01463161   -0.12932361 -0.05356759
    2    2
  0.22384348  0.00000000    0.00000000  0.00433814    0.00000000 -0.01783270
  0.00000000 -0.00433814    0.21917465 -0.00000000   -0.01513167 -0.00000000
  0.00000000  0.01783270   -0.01513167 -0.00000000    0.24433460  0.00000000

     Dynamical  Matrix in cartesian axes

     q = (    0.250000000   0.000000000   0.500000000 ) 

    1    1
  0.17930314 -0.00000000    0.00000000 -0.00495681    0.01043812 -0.00000000
  0.00000000  0.00495681    0.18748346  0.00000000    0.00000000  0.01598154
  0.01043812 -0.00000000   -0.00000000 -0.01598154    0.23219994 -0.00000000
    1    2
 -0.04712558  0.11377121   -0.08882091 -0.03679082    0.01463161 -0.03532384
 -0.09337675 -0.03867792   -0.04891157  0.11808298   -0.05003254 -0.02072416
  0.01236492 -0.02985156   -0.02829446 -0.01171995   -0.05356759  0.12932361
    2    1
 -0.04712558 -0.11377121   -0.09337675  0.03867792    0.01236492  0.02985156
 -0.08882091  0.03679082   -0.04891157 -0.11808298   -0.02829446  0.01171995
  0.01463161  0.03532384   -0.05003254  0.02072416   -0.05356759 -0.12932361
    2    2
  0.21917465 -0.00000000    0.00000000 -0.00433814    0.01513167  0.00000000
  0.00000000  0.00433814    0.22384348  0.00000000    0.00000000  0.01783270
  0.01513167  0.00000000    0.00000000 -0.01783270    0.24433460 -0.00000000

     Dynamical  Matrix in cartesian axes

     q = (    0.000000000   0.250000000   0.500000000 ) 

    1    1
  0.18748346 -0.00000000   -0.00000000  0.00495681    0.00000000  0.01598154
 -0.00000000 -0.00495681    0.17930314 -0.00000000    0.01043812  0.00000000
 -0.00000000 -0.01598154    0.01043812  0.00000000    0.23219994 -0.00000000
    1    2
 -0.04891157  0.11808298   -0.09337675 -0.03867792   -0.05003254 -0.02072416
 -0.08882091 -0.03679082   -0.04712558  0.11377121    0.01463161 -0.03532384
 -0.02829446 -0.01171995    0.01236492 -0.02985156   -0.05356759  0.12932361
    2    1
 -0.04891157 -0.11808298   -0.08882091  0.03679082   -0.02829446  0.01171995
 -0.09337675  0.03867792   -0.04712558 -0.11377121    0.01236492  0.02985156
 -0.05003254  0.02072416    0.01463161  0.03532384   -0.05356759 -0.12932361
    2    2
  0.22384348  0.00000000    0.00000000  0.00433814   -0.00000000  0.01783270
  0.00000000 -0.00433814    0.21917465 -0.00000000    0.01513167  0.00000000
 -0.00000000 -0.01783270    0.01513167  0.00000000    0.24433460 -0.00000000

     Dynamical  Matrix in cartesian axes

     q = (    0.000000000  -0.250000000  -0.500000000 ) 

    1    1
  0.18748346  0.00000000   -0.00000000 -0.00495681    0.00000000 -0.01598154
 -0.00000000  0.00495681    0.17930314  0.00000000    0.01043812  0.00000000
 -0.00000000  0.01598154    0.01043812  0.00000000    0.23219994  0.00000000
    1    2
 -0.04891157 -0.11808298   -0.09337675  0.03867792   -0.05003254  0.02072416
 -0.08882091  0.03679082   -0.04712558 -0.11377121    0.01463161  0.03532384
 -0.02829446  0.01171995    0.01236492  0.02985156   -0.05356759 -0.12932361
    2    1
 -0.04891157  0.11808298   -0.08882091 -0.03679082   -0.02829446 -0.01171995
 -0.09337675 -0.03867792   -0.04712558  0.11377121    0.01236492 -0.02985156
 -0.05003254 -0.02072416    0.01463161 -0.03532384   -0.05356759  0.12932361
    2    2
  0.22384348 -0.00000000    0.00000000 -0.00433814   -0.00000000 -0.01783270
  0.00000000  0.00433814    0.21917465  0.00000000    0.01513167 -0.00000000
  0.00000000  0.01783270    0.01513167 -0.00000000    0.24433460  0.00000000

     Dynamical  Matrix in cartesian axes

     q = (    0.250000000   0.000000000  -0.500000000 ) 

    1    1
  0.17930314 -0.00000000   -0.00000000  0.00495681   -0.01043812 -0.00000000
 -0.00000000 -0.00495681    0.18748346  0.00000000   -0.00000000  0.01598154
 -0.01043812  0.00000000    0.00000000 -0.01598154    0.23219994  0.00000000
    1    2
 -0.11377121 -0.04712558   -0.03679082  0.08882091   -0.03532384 -0.01463161
 -0.03867792  0.09337675   -0.11808298 -0.04891157    0.02072416 -0.05003254
 -0.02985156 -0.01236492    0.01171995 -0.02829446   -0.12932361 -0.05356759
    2    1
 -0.11377121  0.04712558   -0.03867792 -0.09337675   -0.02985156  0.01236492
 -0.03679082 -0.08882091   -0.11808298  0.04891157    0.01171995  0.02829446
 -0.03532384  0.01463161    0.02072416  0.05003254   -0.12932361  0.05356759
    2    2
  0.21917465  0.00000000    0.00000000  0.00433814   -0.01513167  0.00000000
  0.00000000 -0.00433814    0.22384348 -0.00000000    0.00000000  0.01783270
 -0.01513167  0.00000000    0.00000000 -0.01783270    0.24433460  0.00000000

     Dynamical  Matrix in cartesian axes

     q = (    0.500000000  -0.250000000   0.000000000 ) 

    1    1
  0.23219994  0.00000000   -0.01043812  0.00000000   -0.00000000  0.01598154
 -0.01043812  0.00000000    0.17930314  0.00000000    0.00000000 -0.00495681
  0.00000000 -0.01598154    0.00000000  0.00495681    0.18748346  0.00000000
    1    2
 -0.12932361  0.05356759   -0.02985156  0.01236492    0.01171995  0.02829446
 -0.03532384  0.01463161   -0.11377121  0.04712558   -0.03679082 -0.08882091
  0.02072416  0.05003254   -0.03867792 -0.09337675   -0.11808298  0.04891157
    2    1
 -0.12932361 -0.05356759   -0.03532384 -0.01463161    0.02072416 -0.05003254
 -0.02985156 -0.01236492   -0.11377121 -0.04712558   -0.03867792  0.09337675
  0.01171995 -0.02829446   -0.03679082  0.08882091   -0.11808298 -0.04891157
    2    2
  0.24433460  0.00000000   -0.01513167  0.00000000    0.00000000  0.01783270
 -0.01513167  0.00000000    0.21917465  0.00000000    0.00000000 -0.00433814
 -0.00000000 -0.01783270   -0.00000000  0.00433814    0.22384348  0.00000000

     Dynamical  Matrix in cartesian axes

     q = (   -0.500000000  -0.250000000   0.000000000 ) 

    1    1
  0.23219994 -0.00000000    0.01043812  0.00000000    0.00000000  0.01598154
  0.01043812  0.00000000    0.17930314 -0.00000000    0.00000000  0.00495681
  0.00000000 -0.01598154    0.00000000 -0.00495681    0.18748346 -0.00000000
    1    2
 -0.05356759 -0.12932361    0.01236492  0.02985156   -0.02829446  0.01171995
  0.01463161  0.03532384   -0.04712558 -0.11377121   -0.08882091  0.03679082
 -0.05003254  0.02072416   -0.09337675  0.03867792   -0.04891157 -0.11808298
    2    1
 -0.05356759  0.12932361    0.01463161 -0.03532384   -0.05003254 -0.02072416
  0.01236492 -0.02985156   -0.04712558  0.11377121   -0.09337675 -0.03867792
 -0.02829446 -0.01171995   -0.08882091 -0.03679082   -0.04891157  0.11808298
    2    2
  0.24433460  0.00000000    0.01513167  0.00000000    0.00000000  0.01783270
  0.01513167  0.00000000    0.21917465 -0.00000000   -0.00000000  0.00433814
  0.00000000 -0.01783270   -0.00000000 -0.00433814    0.22384348 -0.00000000

     Dynamical  Matrix in cartesian axes

     q = (    0.500000000   0.250000000   0.000000000 ) 

    1    1
  0.23219994 -0.00000000    0.01043812  0.00000000    0.00000000 -0.01598154
  0.01043812  0.00000000    0.17930314 -0.00000000    0.00000000 -0.00495681
  0.00000000  0.01598154    0.00000000  0.00495681    0.18748346  0.00000000
    1    2
 -0.05356759  0.12932361    0.01236492 -0.02985156   -0.02829446 -0.01171995
  0.01463161 -0.03532384   -0.04712558  0.11377121   -0.08882091 -0.03679082
 -0.05003254 -0.02072416   -0.09337675 -0.03867792   -0.04891157  0.11808298
    2    1
 -0.05356759 -0.12932361    0.01463161  0.03532384   -0.05003254  0.02072416
  0.01236492  0.02985156   -0.04712558 -0.11377121   -0.09337675  0.03867792
 -0.02829446  0.01171995   -0.08882091  0.03679082   -0.04891157 -0.11808298
    2    2
  0.24433460 -0.00000000    0.01513167  0.00000000    0.00000000 -0.01783270
  0.01513167  0.00000000    0.21917465 -0.00000000   -0.00000000 -0.00433814
  0.00000000  0.01783270    0.00000000  0.00433814    0.22384348  0.00000000

     Dynamical  Matrix in cartesian axes

     q = (   -0.500000000   0.250000000   0.000000000 ) 

    1    1
  0.23219994  0.00000000   -0.01043812  0.00000000   -0.00000000 -0.01598154
 -0.01043812  0.00000000    0.17930314  0.00000000    0.00000000  0.00495681
  0.00000000  0.01598154    0.00000000 -0.00495681    0.18748346  0.00000000
    1    2
 -0.12932361 -0.05356759   -0.02985156 -0.01236492    0.01171995 -0.02829446
 -0.03532384 -0.01463161   -0.11377121 -0.04712558   -0.03679082  0.08882091
  0.02072416 -0.05003254   -0.03867792  0.09337675   -0.11808298 -0.04891157
    2    1
 -0.12932361  0.05356759   -0.03532384  0.01463161    0.02072416  0.05003254
 -0.02985156  0.01236492   -0.11377121  0.04712558   -0.03867792 -0.09337675
  0.01171995  0.02829446   -0.03679082 -0.08882091   -0.11808298  0.04891157
    2    2
  0.24433460 -0.00000000   -0.01513167 -0.00000000    0.00000000 -0.01783270
 -0.01513167 -0.00000000    0.21917465 -0.00000000    0.00000000  0.00433814
 -0.00000000  0.01783270   -0.00000000 -0.00433814    0.22384348  0.00000000

     Dynamical  Matrix in cartesian axes

     q = (    0.500000000   0.000000000  -0.250000000 ) 

    1    1
  0.23219994 -0.00000000    0.00000000  0.01598154   -0.01043812 -0.00000000
  0.00000000 -0.01598154    0.18748346  0.00000000    0.00000000  0.00495681
 -0.01043812 -0.00000000    0.00000000 -0.00495681    0.17930314 -0.00000000
    1    2
 -0.12932361  0.05356759    0.01171995  0.02829446   -0.02985156  0.01236492
  0.02072416  0.05003254   -0.11808298  0.04891157   -0.03867792 -0.09337675
 -0.03532384  0.01463161   -0.03679082 -0.08882091   -0.11377121  0.04712558
    2    1
 -0.12932361 -0.05356759    0.02072416 -0.05003254   -0.03532384 -0.01463161
  0.01171995 -0.02829446   -0.11808298 -0.04891157   -0.03679082  0.08882091
 -0.02985156 -0.01236492   -0.03867792  0.09337675   -0.11377121 -0.04712558
    2    2
  0.24433460  0.00000000    0.00000000  0.01783270   -0.01513167  0.00000000
  0.00000000 -0.01783270    0.22384348  0.00000000    0.00000000  0.00433814
 -0.01513167  0.00000000    0.00000000 -0.00433814    0.21917465  0.00000000

     Dynamical  Matrix in cartesian axes

     q = (    0.500000000   0.000000000   0.250000000 ) 

    1    1
  0.23219994 -0.00000000   -0.00000000 -0.01598154    0.01043812 -0.00000000
  0.00000000  0.01598154    0.18748346 -0.00000000    0.00000000  0.00495681
  0.01043812 -0.00000000    0.00000000 -0.00495681    0.17930314 -0.00000000
    1    2
 -0.05356759  0.12932361   -0.02829446 -0.01171995    0.01236492 -0.02985156
 -0.05003254 -0.02072416   -0.04891157  0.11808298   -0.09337675 -0.03867792
  0.01463161 -0.03532384   -0.08882091 -0.03679082   -0.04712558  0.11377121
    2    1
 -0.05356759 -0.12932361   -0.05003254  0.02072416    0.01463161  0.03532384
 -0.02829446  0.01171995   -0.04891157 -0.11808298   -0.08882091  0.03679082
  0.01236492  0.02985156   -0.09337675  0.03867792   -0.04712558 -0.11377121
    2    2
  0.24433460  0.00000000   -0.00000000 -0.01783270    0.01513167  0.00000000
  0.00000000  0.01783270    0.22384348  0.00000000   -0.00000000  0.00433814
  0.01513167  0.00000000   -0.00000000 -0.00433814    0.21917465 -0.00000000

     Dynamical  Matrix in cartesian axes

     q = (   -0.500000000   0.000000000  -0.250000000 ) 

    1    1
  0.23219994  0.00000000   -0.00000000  0.01598154    0.01043812  0.00000000
  0.00000000 -0.01598154    0.18748346  0.00000000    0.00000000 -0.00495681
  0.01043812  0.00000000    0.00000000  0.00495681    0.17930314  0.00000000
    1    2
 -0.05356759 -0.12932361   -0.02829446  0.01171995    0.01236492  0.02985156
 -0.05003254  0.02072416   -0.04891157 -0.11808298   -0.09337675  0.03867792
  0.01463161  0.03532384   -0.08882091  0.03679082   -0.04712558 -0.11377121
    2    1
 -0.05356759  0.12932361   -0.05003254 -0.02072416    0.01463161 -0.03532384
 -0.02829446 -0.01171995   -0.04891157  0.11808298   -0.08882091 -0.03679082
  0.01236492 -0.02985156   -0.09337675 -0.03867792   -0.04712558  0.11377121
    2    2
  0.24433460 -0.00000000    0.00000000  0.01783270    0.01513167  0.00000000
  0.00000000 -0.01783270    0.22384348  0.00000000   -0.00000000 -0.00433814
  0.01513167  0.00000000   -0.00000000  0.00433814    0.21917465 -0.00000000

     Dynamical  Matrix in cartesian axes

     q = (   -0.500000000   0.000000000   0.250000000 ) 

    1    1
  0.23219994 -0.00000000    0.00000000 -0.01598154   -0.01043812 -0.00000000
  0.00000000  0.01598154    0.18748346 -0.00000000    0.00000000 -0.00495681
 -0.01043812 -0.00000000    0.00000000  0.00495681    0.17930314 -0.00000000
    1    2
 -0.12932361 -0.05356759    0.01171995 -0.02829446   -0.02985156 -0.01236492
  0.02072416 -0.05003254   -0.11808298 -0.04891157   -0.03867792  0.09337675
 -0.03532384 -0.01463161   -0.03679082  0.08882091   -0.11377121 -0.04712558
    2    1
 -0.12932361  0.05356759    0.02072416  0.05003254   -0.03532384  0.01463161
  0.01171995  0.02829446   -0.11808298  0.04891157   -0.03679082 -0.08882091
 -0.02985156  0.01236492   -0.03867792 -0.09337675   -0.11377121  0.04712558
    2    2
  0.24433460  0.00000000   -0.00000000 -0.01783270   -0.01513167  0.00000000
  0.00000000  0.01783270    0.22384348  0.00000000    0.00000000 -0.00433814
 -0.01513167 -0.00000000    0.00000000  0.00433814    0.21917465 -0.00000000

     Dynamical  Matrix in cartesian axes

     q = (   -0.250000000   0.000000000   0.500000000 ) 

    1    1
  0.17930314 -0.00000000   -0.00000000 -0.00495681   -0.01043812 -0.00000000
 -0.00000000  0.00495681    0.18748346  0.00000000   -0.00000000 -0.01598154
 -0.01043812 -0.00000000    0.00000000  0.01598154    0.23219994 -0.00000000
    1    2
 -0.11377121  0.04712558   -0.03679082 -0.08882091   -0.03532384  0.01463161
 -0.03867792 -0.09337675   -0.11808298  0.04891157    0.02072416  0.05003254
 -0.02985156  0.01236492    0.01171995  0.02829446   -0.12932361  0.05356759
    2    1
 -0.11377121 -0.04712558   -0.03867792  0.09337675   -0.02985156 -0.01236492
 -0.03679082  0.08882091   -0.11808298 -0.04891157    0.01171995 -0.02829446
 -0.03532384 -0.01463161    0.02072416 -0.05003254   -0.12932361 -0.05356759
    2    2
  0.21917465 -0.00000000    0.00000000 -0.00433814   -0.01513167 -0.00000000
  0.00000000  0.00433814    0.22384348  0.00000000    0.00000000 -0.01783270
 -0.01513167 -0.00000000    0.00000000  0.01783270    0.24433460 -0.00000000

     Dynamical  Matrix in cartesian axes

     q = (    0.000000000   0.250000000  -0.500000000 ) 

    1    1
  0.18748346 -0.00000000    0.00000000 -0.00495681    0.00000000  0.01598154
  0.00000000  0.00495681    0.17930314 -0.00000000   -0.01043812 -0.00000000
  0.00000000 -0.01598154   -0.01043812  0.00000000    0.23219994  0.00000000
    1    2
 -0.11808298 -0.04891157   -0.03867792  0.09337675    0.02072416 -0.05003254
 -0.03679082  0.08882091   -0.11377121 -0.04712558   -0.03532384 -0.01463161
  0.01171995 -0.02829446   -0.02985156 -0.01236492   -0.12932361 -0.05356759
    2    1
 -0.11808298  0.04891157   -0.03679082 -0.08882091    0.01171995  0.02829446
 -0.03867792 -0.09337675   -0.11377121  0.04712558   -0.02985156  0.01236492
  0.02072416  0.05003254   -0.03532384  0.01463161   -0.12932361  0.05356759
    2    2
  0.22384348  0.00000000    0.00000000 -0.00433814    0.00000000  0.01783270
  0.00000000  0.00433814    0.21917465 -0.00000000   -0.01513167 -0.00000000
  0.00000000 -0.01783270   -0.01513167  0.00000000    0.24433460  0.00000000

     Dynamical  Matrix in cartesian axes

     q = (   -0.250000000   0.000000000  -0.500000000 ) 

    1    1
  0.17930314  0.00000000    0.00000000  0.00495681    0.01043812  0.00000000
  0.00000000 -0.00495681    0.18748346  0.00000000    0.00000000 -0.01598154
  0.01043812  0.00000000   -0.00000000  0.01598154    0.23219994  0.00000000
    1    2
 -0.04712558 -0.11377121   -0.08882091  0.03679082    0.01463161  0.03532384
 -0.09337675  0.03867792   -0.04891157 -0.11808298   -0.05003254  0.02072416
  0.01236492  0.02985156   -0.02829446  0.01171995   -0.05356759 -0.12932361
    2    1
 -0.04712558  0.11377121   -0.09337675 -0.03867792    0.01236492 -0.02985156
 -0.08882091 -0.03679082   -0.04891157  0.11808298   -0.02829446 -0.01171995
  0.01463161 -0.03532384   -0.05003254 -0.02072416   -0.05356759  0.12932361
    2    2
  0.21917465 -0.00000000   -0.00000000  0.00433814    0.01513167  0.00000000
  0.00000000 -0.00433814    0.22384348  0.00000000   -0.00000000 -0.01783270
  0.01513167  0.00000000    0.00000000  0.01783270    0.24433460  0.00000000

     Diagonalizing the dynamical matrix

     q = (   -0.250000000   0.500000000   0.000000000 ) 

 **************************************************************************
     freq (    1) =       2.062267 [THz] =      68.789812 [cm-1]
 ( -0.253523 -0.612058 -0.120350 -0.290551  0.097059 -0.040203 ) 
 (  0.000000 -0.561346  0.000000 -0.316175 -0.189985  0.000000 ) 
     freq (    2) =       2.390530 [THz] =      79.739513 [cm-1]
 ( -0.078061 -0.188455  0.054151  0.130732 -0.657374  0.272293 ) 
 ( -0.000000  0.261589 -0.000000 -0.056946 -0.600343  0.000000 ) 
     freq (    3) =       4.107917 [THz] =     137.025365 [cm-1]
 ( -0.102171 -0.246662  0.229689  0.554519  0.221015 -0.091547 ) 
 (  0.000000 -0.258133  0.000000  0.629463 -0.219970  0.000000 ) 
     freq (    4) =       7.555287 [THz] =     252.017236 [cm-1]
 (  0.214838  0.518665 -0.168326 -0.406375  0.111185 -0.046055 ) 
 ( -0.000000 -0.312031 -0.000000  0.243656 -0.565811  0.000000 ) 
     freq (    5) =       7.754383 [THz] =     258.658387 [cm-1]
 (  0.139983  0.337949  0.148194  0.357772 -0.427196  0.176950 ) 
 ( -0.000000 -0.636333 -0.000000 -0.218807  0.222774  0.000000 ) 
     freq (    6) =       8.179255 [THz] =     272.830582 [cm-1]
 (  0.070957  0.171305  0.177239  0.427894  0.445277 -0.184440 ) 
 ( -0.000000  0.106697 -0.000000 -0.599145 -0.385310  0.000000 ) 
 **************************************************************************
