Dynamical matrix file
                                                                           
  2    2  2 10.6867000  0.0000000  0.0000000  0.0000000  0.0000000  0.0000000
           1  'Ga  '    63548.6268941884     
           2  'As  '    68286.8563741160     
    1    1      0.0000000000      0.0000000000      0.0000000000
    2    2      0.2500000000      0.2500000000      0.2500000000

     Dynamical  Matrix in cartesian axes

     q = (   -0.375000000   0.375000000  -0.375000000 ) 

    1    1
  0.21010176  0.00000000   -0.02435424  0.00000000    0.02435424  0.00000000
 -0.02435424  0.00000000    0.21010176  0.00000000   -0.02435424  0.00000000
  0.02435424  0.00000000   -0.02435424  0.00000000    0.21010176  0.00000000
    1    2
 -0.11952889 -0.03404136   -0.06104115  0.02845485    0.06104115 -0.02845485
 -0.06104115  0.02845485   -0.11952889 -0.03404136   -0.06104115  0.02845485
  0.06104115 -0.02845485   -0.06104115  0.02845485   -0.11952889 -0.03404136
    2    1
 -0.11952889  0.03404136   -0.06104115 -0.02845485    0.06104115  0.02845485
 -0.06104115 -0.02845485   -0.11952889  0.03404136   -0.06104115 -0.02845485
  0.06104115  0.02845485   -0.06104115 -0.02845485   -0.11952889  0.03404136
    2    2
  0.22878320  0.00000000   -0.02112260  0.00000000    0.02112260  0.00000000
 -0.02112260  0.00000000    0.22878320  0.00000000   -0.02112260  0.00000000
  0.02112260  0.00000000   -0.02112260  0.00000000    0.22878320  0.00000000

     Dynamical  Matrix in cartesian axes

     q = (    0.375000000  -0.375000000   0.375000000 ) 

    1    1
  0.21010176  0.00000000   -0.02435424  0.00000000    0.02435424  0.00000000
 -0.02435424  0.00000000    0.21010176  0.00000000   -0.02435424  0.00000000
  0.02435424  0.00000000   -0.02435424  0.00000000    0.21010176  0.00000000
    1    2
 -0.11952889  0.03404136   -0.06104115 -0.02845485    0.06104115  0.02845485
 -0.06104115 -0.02845485   -0.11952889  0.03404136   -0.06104115 -0.02845485
  0.06104115  0.02845485   -0.06104115 -0.02845485   -0.11952889  0.03404136
    2    1
 -0.11952889 -0.03404136   -0.06104115  0.02845485    0.06104115 -0.02845485
 -0.06104115  0.02845485   -0.11952889 -0.03404136   -0.06104115  0.02845485
  0.06104115 -0.02845485   -0.06104115  0.02845485   -0.11952889 -0.03404136
    2    2
  0.22878320  0.00000000   -0.02112260  0.00000000    0.02112260  0.00000000
 -0.02112260  0.00000000    0.22878320  0.00000000   -0.02112260  0.00000000
  0.02112260  0.00000000   -0.02112260  0.00000000    0.22878320  0.00000000

     Dynamical  Matrix in cartesian axes

     q = (    0.375000000  -0.375000000  -0.375000000 ) 

    1    1
  0.21010176  0.00000000   -0.02435424  0.00000000   -0.02435424  0.00000000
 -0.02435424  0.00000000    0.21010176  0.00000000    0.02435424  0.00000000
 -0.02435424  0.00000000    0.02435424  0.00000000    0.21010176  0.00000000
    1    2
 -0.11952889 -0.03404136   -0.06104115  0.02845485   -0.06104115  0.02845485
 -0.06104115  0.02845485   -0.11952889 -0.03404136    0.06104115 -0.02845485
 -0.06104115  0.02845485    0.06104115 -0.02845485   -0.11952889 -0.03404136
    2    1
 -0.11952889  0.03404136   -0.06104115 -0.02845485   -0.06104115 -0.02845485
 -0.06104115 -0.02845485   -0.11952889  0.03404136    0.06104115  0.02845485
 -0.06104115 -0.02845485    0.06104115  0.02845485   -0.11952889  0.03404136
    2    2
  0.22878320  0.00000000   -0.02112260  0.00000000   -0.02112260  0.00000000
 -0.02112260  0.00000000    0.22878320  0.00000000    0.02112260  0.00000000
 -0.02112260  0.00000000    0.02112260  0.00000000    0.22878320  0.00000000

     Dynamical  Matrix in cartesian axes

     q = (   -0.375000000   0.375000000   0.375000000 ) 

    1    1
  0.21010176  0.00000000   -0.02435424  0.00000000   -0.02435424  0.00000000
 -0.02435424  0.00000000    0.21010176  0.00000000    0.02435424  0.00000000
 -0.02435424  0.00000000    0.02435424  0.00000000    0.21010176  0.00000000
    1    2
 -0.11952889  0.03404136   -0.06104115 -0.02845485   -0.06104115 -0.02845485
 -0.06104115 -0.02845485   -0.11952889  0.03404136    0.06104115  0.02845485
 -0.06104115 -0.02845485    0.06104115  0.02845485   -0.11952889  0.03404136
    2    1
 -0.11952889 -0.03404136   -0.06104115  0.02845485   -0.06104115  0.02845485
 -0.06104115  0.02845485   -0.11952889 -0.03404136    0.06104115 -0.02845485
 -0.06104115  0.02845485    0.06104115 -0.02845485   -0.11952889 -0.03404136
    2    2
  0.22878320  0.00000000   -0.02112260  0.00000000   -0.02112260  0.00000000
 -0.02112260  0.00000000    0.22878320  0.00000000    0.02112260  0.00000000
 -0.02112260  0.00000000    0.02112260  0.00000000    0.22878320  0.00000000

     Dynamical  Matrix in cartesian axes

     q = (   -0.375000000  -0.375000000   0.375000000 ) 

    1    1
  0.21010176  0.00000000    0.02435424  0.00000000   -0.02435424  0.00000000
  0.02435424  0.00000000    0.21010176  0.00000000   -0.02435424  0.00000000
 -0.02435424  0.00000000   -0.02435424  0.00000000    0.21010176  0.00000000
    1    2
 -0.11952889 -0.03404136    0.06104115 -0.02845485   -0.06104115  0.02845485
  0.06104115 -0.02845485   -0.11952889 -0.03404136   -0.06104115  0.02845485
 -0.06104115  0.02845485   -0.06104115  0.02845485   -0.11952889 -0.03404136
    2    1
 -0.11952889  0.03404136    0.06104115  0.02845485   -0.06104115 -0.02845485
  0.06104115  0.02845485   -0.11952889  0.03404136   -0.06104115 -0.02845485
 -0.06104115 -0.02845485   -0.06104115 -0.02845485   -0.11952889  0.03404136
    2    2
  0.22878320  0.00000000    0.02112260  0.00000000   -0.02112260  0.00000000
  0.02112260  0.00000000    0.22878320  0.00000000   -0.02112260  0.00000000
 -0.02112260  0.00000000   -0.02112260  0.00000000    0.22878320  0.00000000

     Dynamical  Matrix in cartesian axes

     q = (    0.375000000   0.375000000  -0.375000000 ) 

    1    1
  0.21010176  0.00000000    0.02435424  0.00000000   -0.02435424  0.00000000
  0.02435424  0.00000000    0.21010176  0.00000000   -0.02435424  0.00000000
 -0.02435424  0.00000000   -0.02435424  0.00000000    0.21010176  0.00000000
    1    2
 -0.11952889  0.03404136    0.06104115  0.02845485   -0.06104115 -0.02845485
  0.06104115  0.02845485   -0.11952889  0.03404136   -0.06104115 -0.02845485
 -0.06104115 -0.02845485   -0.06104115 -0.02845485   -0.11952889  0.03404136
    2    1
 -0.11952889 -0.03404136    0.06104115 -0.02845485   -0.06104115  0.02845485
  0.06104115 -0.02845485   -0.11952889 -0.03404136   -0.06104115  0.02845485
 -0.06104115  0.02845485   -0.06104115  0.02845485   -0.11952889 -0.03404136
    2    2
  0.22878320  0.00000000    0.02112260  0.00000000   -0.02112260  0.00000000
  0.02112260  0.00000000    0.22878320  0.00000000   -0.02112260  0.00000000
 -0.02112260  0.00000000   -0.02112260  0.00000000    0.22878320  0.00000000

     Dynamical  Matrix in cartesian axes

     q = (    0.375000000   0.375000000   0.375000000 ) 

    1    1
  0.21010176  0.00000000    0.02435424  0.00000000    0.02435424  0.00000000
  0.02435424  0.00000000    0.21010176  0.00000000    0.02435424  0.00000000
  0.02435424  0.00000000    0.02435424  0.00000000    0.21010176  0.00000000
    1    2
  0.06044881  0.10859056   -0.06328323 -0.02304199   -0.06328323 -0.02304199
 -0.06328323 -0.02304199    0.06044881  0.10859056   -0.06328323 -0.02304199
 -0.06328323 -0.02304199   -0.06328323 -0.02304199    0.06044881  0.10859056
    2    1
  0.06044881 -0.10859056   -0.06328323  0.02304199   -0.06328323  0.02304199
 -0.06328323  0.02304199    0.06044881 -0.10859056   -0.06328323  0.02304199
 -0.06328323  0.02304199   -0.06328323  0.02304199    0.06044881 -0.10859056
    2    2
  0.22878320  0.00000000    0.02112260  0.00000000    0.02112260  0.00000000
  0.02112260  0.00000000    0.22878320  0.00000000    0.02112260  0.00000000
  0.02112260  0.00000000    0.02112260  0.00000000    0.22878320  0.00000000

     Dynamical  Matrix in cartesian axes

     q = (   -0.375000000  -0.375000000  -0.375000000 ) 

    1    1
  0.21010176  0.00000000    0.02435424  0.00000000    0.02435424  0.00000000
  0.02435424  0.00000000    0.21010176  0.00000000    0.02435424  0.00000000
  0.02435424  0.00000000    0.02435424  0.00000000    0.21010176  0.00000000
    1    2
  0.06044881 -0.10859056   -0.06328323  0.02304199   -0.06328323  0.02304199
 -0.06328323  0.02304199    0.06044881 -0.10859056   -0.06328323  0.02304199
 -0.06328323  0.02304199   -0.06328323  0.02304199    0.06044881 -0.10859056
    2    1
  0.06044881  0.10859056   -0.06328323 -0.02304199   -0.06328323 -0.02304199
 -0.06328323 -0.02304199    0.06044881  0.10859056   -0.06328323 -0.02304199
 -0.06328323 -0.02304199   -0.06328323 -0.02304199    0.06044881  0.10859056
    2    2
  0.22878320  0.00000000    0.02112260  0.00000000    0.02112260  0.00000000
  0.02112260  0.00000000    0.22878320  0.00000000    0.02112260  0.00000000
  0.02112260  0.00000000    0.02112260  0.00000000    0.22878320  0.00000000

     Diagonalizing the dynamical matrix

     q = (   -0.375000000   0.375000000  -0.375000000 ) 

 **************************************************************************
     freq (    1) =       1.608056 [THz] =      53.638979 [cm-1]
 ( -0.583708  0.040833 -0.210934  0.052365  0.372774  0.011533 ) 
 ( -0.549644  0.055575 -0.197526  0.055575  0.352118  0.000000 ) 
     freq (    2) =       1.608056 [THz] =      53.638979 [cm-1]
 (  0.089932 -0.044765  0.551642 -0.030481  0.461710  0.014284 ) 
 (  0.083561 -0.044870  0.519687 -0.044870  0.436126  0.000000 ) 
     freq (    3) =       5.343970 [THz] =     178.255646 [cm-1]
 (  0.011448 -0.407769 -0.011448  0.407769  0.011448 -0.407769 ) 
 ( -0.408567  0.000000  0.408567 -0.000000 -0.408567  0.000000 ) 
     freq (    4) =       7.647008 [THz] =     255.076718 [cm-1]
 ( -0.011870  0.422788  0.011870 -0.422788 -0.011870  0.422788 ) 
 ( -0.392992  0.000000  0.392992  0.000000 -0.392992  0.000000 ) 
     freq (    5) =       7.871598 [THz] =     262.568251 [cm-1]
 (  0.137454  0.474985  0.183397  0.476406  0.045943  0.001421 ) 
 ( -0.149898 -0.463767 -0.195204 -0.463767 -0.045306  0.000000 ) 
     freq (    6) =       7.871598 [THz] =     262.568251 [cm-1]
 ( -0.302422 -0.046682  0.276981 -0.028756  0.579403  0.017926 ) 
 (  0.299371  0.036773 -0.272006  0.036773 -0.571377  0.000000 ) 
 **************************************************************************
