Dynamical matrix file
                                                                           
  2    2  2 10.6867000  0.0000000  0.0000000  0.0000000  0.0000000  0.0000000
           1  'Ga  '    63548.6268941884     
           2  'As  '    68286.8563741160     
    1    1      0.0000000000      0.0000000000      0.0000000000
    2    2      0.2500000000      0.2500000000      0.2500000000

     Dynamical  Matrix in cartesian axes

     q = (    0.500000000   0.000000000   0.500000000 ) 

    1    1
  0.19114681  0.00000000    0.00000000 -0.01361251    0.01291118  0.00000000
  0.00000000  0.01361251    0.20911300  0.00000000    0.00000000  0.01361251
  0.01291118  0.00000000    0.00000000 -0.01361251    0.19114681  0.00000000
    1    2
  0.00000000  0.09558475   -0.07167853 -0.00000000    0.00000000 -0.07265700
 -0.08596298 -0.00000000    0.00000000  0.10680708   -0.08596298 -0.00000000
  0.00000000 -0.07265700   -0.07167853 -0.00000000   -0.00000000  0.09558475
    2    1
  0.00000000 -0.09558475   -0.08596298  0.00000000    0.00000000  0.07265700
 -0.07167853  0.00000000    0.00000000 -0.10680708   -0.07167853  0.00000000
  0.00000000  0.07265700   -0.08596298 -0.00000000    0.00000000 -0.09558475
    2    2
  0.23127805  0.00000000    0.00000000 -0.01541745    0.02098630  0.00000000
  0.00000000  0.01541745    0.24096317  0.00000000    0.00000000  0.01541745
  0.02098630  0.00000000    0.00000000 -0.01541745    0.23127805  0.00000000

     Dynamical  Matrix in cartesian axes

     q = (   -0.500000000   0.000000000  -0.500000000 ) 

    1    1
  0.19114681  0.00000000    0.00000000  0.01361251    0.01291118  0.00000000
  0.00000000 -0.01361251    0.20911300  0.00000000    0.00000000 -0.01361251
  0.01291118  0.00000000    0.00000000  0.01361251    0.19114681  0.00000000
    1    2
 -0.00000000 -0.09558475   -0.07167853  0.00000000   -0.00000000  0.07265700
 -0.08596298  0.00000000   -0.00000000 -0.10680708   -0.08596298  0.00000000
 -0.00000000  0.07265700   -0.07167853  0.00000000   -0.00000000 -0.09558475
    2    1
  0.00000000  0.09558475   -0.08596298 -0.00000000    0.00000000 -0.07265700
 -0.07167853  0.00000000   -0.00000000  0.10680708   -0.07167853  0.00000000
  0.00000000 -0.07265700   -0.08596298  0.00000000   -0.00000000  0.09558475
    2    2
  0.23127805  0.00000000    0.00000000  0.01541745    0.02098630  0.00000000
  0.00000000 -0.01541745    0.24096317  0.00000000    0.00000000 -0.01541745
  0.02098630  0.00000000    0.00000000  0.01541745    0.23127805  0.00000000

     Dynamical  Matrix in cartesian axes

     q = (    0.000000000  -0.500000000   0.500000000 ) 

    1    1
  0.20911300  0.00000000    0.00000000  0.01361251    0.00000000 -0.01361251
  0.00000000 -0.01361251    0.19114681  0.00000000   -0.01291118  0.00000000
  0.00000000  0.01361251   -0.01291118  0.00000000    0.19114681  0.00000000
    1    2
 -0.10680708  0.00000000    0.00000000 -0.08596298   -0.00000000  0.08596298
  0.00000000 -0.07167853   -0.09558475  0.00000000   -0.07265700  0.00000000
 -0.00000000  0.07167853   -0.07265700  0.00000000   -0.09558475  0.00000000
    2    1
 -0.10680708  0.00000000    0.00000000  0.07167853   -0.00000000 -0.07167853
 -0.00000000  0.08596298   -0.09558475  0.00000000   -0.07265700  0.00000000
  0.00000000 -0.08596298   -0.07265700  0.00000000   -0.09558475  0.00000000
    2    2
  0.24096317  0.00000000   -0.00000000  0.01541745    0.00000000 -0.01541745
  0.00000000 -0.01541745    0.23127805  0.00000000   -0.02098630  0.00000000
 -0.00000000  0.01541745   -0.02098630  0.00000000    0.23127805  0.00000000

     Dynamical  Matrix in cartesian axes

     q = (   -0.500000000   0.000000000   0.500000000 ) 

    1    1
  0.19114681  0.00000000    0.00000000 -0.01361251   -0.01291118  0.00000000
  0.00000000  0.01361251    0.20911300  0.00000000    0.00000000 -0.01361251
 -0.01291118  0.00000000    0.00000000  0.01361251    0.19114681  0.00000000
    1    2
 -0.09558475  0.00000000    0.00000000 -0.07167853   -0.07265700  0.00000000
 -0.00000000 -0.08596298   -0.10680708  0.00000000    0.00000000  0.08596298
 -0.07265700  0.00000000    0.00000000  0.07167853   -0.09558475  0.00000000
    2    1
 -0.09558475  0.00000000    0.00000000  0.08596298   -0.07265700  0.00000000
  0.00000000  0.07167853   -0.10680708  0.00000000   -0.00000000 -0.07167853
 -0.07265700  0.00000000    0.00000000 -0.08596298   -0.09558475  0.00000000
    2    2
  0.23127805  0.00000000    0.00000000 -0.01541745   -0.02098630  0.00000000
  0.00000000  0.01541745    0.24096317  0.00000000    0.00000000 -0.01541745
 -0.02098630  0.00000000    0.00000000  0.01541745    0.23127805  0.00000000

     Dynamical  Matrix in cartesian axes

     q = (    0.500000000   0.000000000  -0.500000000 ) 

    1    1
  0.19114681  0.00000000    0.00000000  0.01361251   -0.01291118  0.00000000
  0.00000000 -0.01361251    0.20911300  0.00000000    0.00000000  0.01361251
 -0.01291118  0.00000000    0.00000000 -0.01361251    0.19114681  0.00000000
    1    2
 -0.09558475  0.00000000    0.00000000  0.07167853   -0.07265700  0.00000000
  0.00000000  0.08596298   -0.10680708  0.00000000    0.00000000 -0.08596298
 -0.07265700  0.00000000    0.00000000 -0.07167853   -0.09558475  0.00000000
    2    1
 -0.09558475  0.00000000    0.00000000 -0.08596298   -0.07265700  0.00000000
 -0.00000000 -0.07167853   -0.10680708  0.00000000    0.00000000  0.07167853
 -0.07265700  0.00000000    0.00000000  0.08596298   -0.09558475  0.00000000
    2    2
  0.23127805  0.00000000    0.00000000  0.01541745   -0.02098630  0.00000000
  0.00000000 -0.01541745    0.24096317  0.00000000    0.00000000  0.01541745
 -0.02098630  0.00000000    0.00000000 -0.01541745    0.23127805  0.00000000

     Dynamical  Matrix in cartesian axes

     q = (    0.500000000   0.500000000   0.000000000 ) 

    1    1
  0.19114681  0.00000000    0.01291118  0.00000000    0.00000000 -0.01361251
  0.01291118  0.00000000    0.19114681  0.00000000    0.00000000 -0.01361251
  0.00000000  0.01361251    0.00000000  0.01361251    0.20911300  0.00000000
    1    2
 -0.00000000  0.09558475    0.00000000 -0.07265700   -0.07167853  0.00000000
  0.00000000 -0.07265700   -0.00000000  0.09558475   -0.07167853  0.00000000
 -0.08596298  0.00000000   -0.08596298  0.00000000    0.00000000  0.10680708
    2    1
 -0.00000000 -0.09558475    0.00000000  0.07265700   -0.08596298  0.00000000
  0.00000000  0.07265700   -0.00000000 -0.09558475   -0.08596298  0.00000000
 -0.07167853  0.00000000   -0.07167853  0.00000000    0.00000000 -0.10680708
    2    2
  0.23127805  0.00000000    0.02098630  0.00000000   -0.00000000 -0.01541745
  0.02098630  0.00000000    0.23127805  0.00000000   -0.00000000 -0.01541745
  0.00000000  0.01541745    0.00000000  0.01541745    0.24096317  0.00000000

     Dynamical  Matrix in cartesian axes

     q = (   -0.500000000  -0.500000000   0.000000000 ) 

    1    1
  0.19114681  0.00000000    0.01291118  0.00000000    0.00000000  0.01361251
  0.01291118  0.00000000    0.19114681  0.00000000    0.00000000  0.01361251
  0.00000000 -0.01361251    0.00000000 -0.01361251    0.20911300  0.00000000
    1    2
 -0.00000000 -0.09558475   -0.00000000  0.07265700   -0.07167853  0.00000000
 -0.00000000  0.07265700   -0.00000000 -0.09558475   -0.07167853  0.00000000
 -0.08596298  0.00000000   -0.08596298  0.00000000   -0.00000000 -0.10680708
    2    1
 -0.00000000  0.09558475    0.00000000 -0.07265700   -0.08596298 -0.00000000
  0.00000000 -0.07265700   -0.00000000  0.09558475   -0.08596298 -0.00000000
 -0.07167853 -0.00000000   -0.07167853 -0.00000000   -0.00000000  0.10680708
    2    2
  0.23127805  0.00000000    0.02098630  0.00000000   -0.00000000  0.01541745
  0.02098630  0.00000000    0.23127805  0.00000000   -0.00000000  0.01541745
  0.00000000 -0.01541745    0.00000000 -0.01541745    0.24096317  0.00000000

     Dynamical  Matrix in cartesian axes

     q = (   -0.500000000   0.500000000   0.000000000 ) 

    1    1
  0.19114681  0.00000000   -0.01291118  0.00000000    0.00000000 -0.01361251
 -0.01291118  0.00000000    0.19114681  0.00000000    0.00000000  0.01361251
  0.00000000  0.01361251    0.00000000 -0.01361251    0.20911300  0.00000000
    1    2
 -0.09558475  0.00000000   -0.07265700 -0.00000000   -0.00000000 -0.07167853
 -0.07265700 -0.00000000   -0.09558475  0.00000000    0.00000000  0.07167853
 -0.00000000 -0.08596298    0.00000000  0.08596298   -0.10680708  0.00000000
    2    1
 -0.09558475 -0.00000000   -0.07265700  0.00000000   -0.00000000  0.08596298
 -0.07265700  0.00000000   -0.09558475 -0.00000000    0.00000000 -0.08596298
  0.00000000  0.07167853   -0.00000000 -0.07167853   -0.10680708 -0.00000000
    2    2
  0.23127805  0.00000000   -0.02098630  0.00000000    0.00000000 -0.01541745
 -0.02098630  0.00000000    0.23127805  0.00000000    0.00000000  0.01541745
  0.00000000  0.01541745    0.00000000 -0.01541745    0.24096317  0.00000000

     Dynamical  Matrix in cartesian axes

     q = (    0.000000000   0.500000000   0.500000000 ) 

    1    1
  0.20911300  0.00000000    0.00000000  0.01361251    0.00000000  0.01361251
  0.00000000 -0.01361251    0.19114681  0.00000000    0.01291118  0.00000000
  0.00000000 -0.01361251    0.01291118  0.00000000    0.19114681  0.00000000
    1    2
  0.00000000  0.10680708   -0.08596298  0.00000000   -0.08596298  0.00000000
 -0.07167853  0.00000000    0.00000000  0.09558475    0.00000000 -0.07265700
 -0.07167853  0.00000000    0.00000000 -0.07265700    0.00000000  0.09558475
    2    1
  0.00000000 -0.10680708   -0.07167853  0.00000000   -0.07167853  0.00000000
 -0.08596298  0.00000000    0.00000000 -0.09558475    0.00000000  0.07265700
 -0.08596298  0.00000000    0.00000000  0.07265700    0.00000000 -0.09558475
    2    2
  0.24096317  0.00000000    0.00000000  0.01541745    0.00000000  0.01541745
  0.00000000 -0.01541745    0.23127805  0.00000000    0.02098630  0.00000000
  0.00000000 -0.01541745    0.02098630  0.00000000    0.23127805  0.00000000

     Dynamical  Matrix in cartesian axes

     q = (    0.000000000   0.500000000  -0.500000000 ) 

    1    1
  0.20911300  0.00000000    0.00000000 -0.01361251    0.00000000  0.01361251
  0.00000000  0.01361251    0.19114681  0.00000000   -0.01291118  0.00000000
  0.00000000 -0.01361251   -0.01291118  0.00000000    0.19114681  0.00000000
    1    2
 -0.10680708  0.00000000    0.00000000  0.08596298   -0.00000000 -0.08596298
  0.00000000  0.07167853   -0.09558475  0.00000000   -0.07265700  0.00000000
 -0.00000000 -0.07167853   -0.07265700  0.00000000   -0.09558475  0.00000000
    2    1
 -0.10680708  0.00000000   -0.00000000 -0.07167853    0.00000000  0.07167853
  0.00000000 -0.08596298   -0.09558475  0.00000000   -0.07265700  0.00000000
  0.00000000  0.08596298   -0.07265700  0.00000000   -0.09558475  0.00000000
    2    2
  0.24096317  0.00000000   -0.00000000 -0.01541745    0.00000000  0.01541745
  0.00000000  0.01541745    0.23127805  0.00000000   -0.02098630  0.00000000
 -0.00000000 -0.01541745   -0.02098630  0.00000000    0.23127805  0.00000000

     Dynamical  Matrix in cartesian axes

     q = (    0.000000000  -0.500000000  -0.500000000 ) 

    1    1
  0.20911300  0.00000000    0.00000000 -0.01361251    0.00000000 -0.01361251
  0.00000000  0.01361251    0.19114681  0.00000000    0.01291118  0.00000000
  0.00000000  0.01361251    0.01291118  0.00000000    0.19114681  0.00000000
    1    2
 -0.00000000 -0.10680708   -0.08596298  0.00000000   -0.08596298  0.00000000
 -0.07167853  0.00000000   -0.00000000 -0.09558475    0.00000000  0.07265700
 -0.07167853  0.00000000    0.00000000  0.07265700   -0.00000000 -0.09558475
    2    1
  0.00000000  0.10680708   -0.07167853  0.00000000   -0.07167853  0.00000000
 -0.08596298 -0.00000000   -0.00000000  0.09558475    0.00000000 -0.07265700
 -0.08596298 -0.00000000    0.00000000 -0.07265700   -0.00000000  0.09558475
    2    2
  0.24096317  0.00000000    0.00000000 -0.01541745    0.00000000 -0.01541745
  0.00000000  0.01541745    0.23127805  0.00000000    0.02098630  0.00000000
  0.00000000  0.01541745    0.02098630  0.00000000    0.23127805  0.00000000

     Dynamical  Matrix in cartesian axes

     q = (    0.500000000  -0.500000000   0.000000000 ) 

    1    1
  0.19114681  0.00000000   -0.01291118  0.00000000    0.00000000  0.01361251
 -0.01291118  0.00000000    0.19114681  0.00000000    0.00000000 -0.01361251
  0.00000000 -0.01361251    0.00000000  0.01361251    0.20911300  0.00000000
    1    2
 -0.09558475  0.00000000   -0.07265700 -0.00000000    0.00000000  0.07167853
 -0.07265700 -0.00000000   -0.09558475  0.00000000   -0.00000000 -0.07167853
  0.00000000  0.08596298   -0.00000000 -0.08596298   -0.10680708  0.00000000
    2    1
 -0.09558475 -0.00000000   -0.07265700  0.00000000    0.00000000 -0.08596298
 -0.07265700  0.00000000   -0.09558475 -0.00000000   -0.00000000  0.08596298
 -0.00000000 -0.07167853    0.00000000  0.07167853   -0.10680708  0.00000000
    2    2
  0.23127805  0.00000000   -0.02098630  0.00000000    0.00000000  0.01541745
 -0.02098630  0.00000000    0.23127805  0.00000000    0.00000000 -0.01541745
  0.00000000 -0.01541745    0.00000000  0.01541745    0.24096317  0.00000000

     Diagonalizing the dynamical matrix

     q = (    0.500000000   0.000000000   0.500000000 ) 

 **************************************************************************
     freq (    1) =       2.039918 [THz] =      68.044339 [cm-1]
 ( -0.000000  0.521894  0.000000  0.000000 -0.000000 -0.521894 ) 
 ( -0.477102  0.000000 -0.000000  0.000000  0.477102  0.000000 ) 
     freq (    2) =       2.937375 [THz] =      97.980290 [cm-1]
 ( -0.000000 -0.290591 -0.654142  0.000000 -0.000000 -0.290591 ) 
 ( -0.206635  0.000000 -0.000000 -0.563752 -0.206635  0.000000 ) 
     freq (    3) =       4.783714 [THz] =     159.567525 [cm-1]
 ( -0.000000  0.417475 -0.383047 -0.000000 -0.000000  0.417475 ) 
 ( -0.442144 -0.000000 -0.000000  0.337227 -0.442144  0.000000 ) 
     freq (    4) =       7.103950 [THz] =     236.962264 [cm-1]
 ( -0.000000  0.495423 -0.212937 -0.000000 -0.000000  0.495423 ) 
 (  0.334170  0.000000  0.000000 -0.490337  0.334170  0.000000 ) 
     freq (    5) =       7.715199 [THz] =     257.351343 [cm-1]
 (  0.000000 -0.495525 -0.000000  0.000000 -0.000000  0.495525 ) 
 ( -0.504435 -0.000000 -0.000000  0.000000  0.504435  0.000000 ) 
     freq (    6) =       8.158627 [THz] =     272.142488 [cm-1]
 ( -0.000000 -0.115537 -0.644944 -0.000000  0.000000 -0.115537 ) 
 (  0.364438  0.000000 -0.000000  0.540111  0.364438  0.000000 ) 
 **************************************************************************
