Dynamical matrix file
                                                                           
  2    2  2 10.6867000  0.0000000  0.0000000  0.0000000  0.0000000  0.0000000
           1  'Ga  '    63548.6268941884     
           2  'As  '    68286.8563741160     
    1    1      0.0000000000      0.0000000000      0.0000000000
    2    2      0.2500000000      0.2500000000      0.2500000000

     Dynamical  Matrix in cartesian axes

     q = (    0.750000000  -0.250000000   1.000000000 ) 

    1    1
  0.16933121  0.00000000   -0.00558709  0.00000000    0.00000000 -0.00163364
 -0.00558709  0.00000000    0.25101897  0.00000000    0.00000000  0.01366400
 -0.00000000  0.00163364   -0.00000000 -0.01366400    0.18045507  0.00000000
    1    2
 -0.04575943  0.04575943   -0.04065400  0.04065400   -0.09700341 -0.09700341
 -0.03102864  0.03102864   -0.05402871  0.05402871    0.01208324  0.01208324
 -0.09602887 -0.09602887    0.02175172  0.02175172   -0.04749268  0.04749268
    2    1
 -0.04575943 -0.04575943   -0.03102864 -0.03102864   -0.09602887  0.09602887
 -0.04065400 -0.04065400   -0.05402871 -0.05402871    0.02175172 -0.02175172
 -0.09700341  0.09700341    0.01208324 -0.01208324   -0.04749268 -0.04749268
    2    2
  0.22422560  0.00000000   -0.00830418  0.00000000   -0.00000000 -0.00130495
 -0.00830418  0.00000000    0.26066022  0.00000000   -0.00000000  0.02088283
  0.00000000  0.00130495    0.00000000 -0.02088283    0.22936510  0.00000000

     Dynamical  Matrix in cartesian axes

     q = (    1.000000000  -0.250000000   0.750000000 ) 

    1    1
  0.18045507  0.00000000   -0.00000000 -0.01366400    0.00000000  0.00163364
  0.00000000  0.01366400    0.25101897  0.00000000   -0.00558709 -0.00000000
 -0.00000000 -0.00163364   -0.00558709  0.00000000    0.16933121  0.00000000
    1    2
 -0.04749268  0.04749268    0.02175172  0.02175172   -0.09602887 -0.09602887
  0.01208324  0.01208324   -0.05402871  0.05402871   -0.03102864  0.03102864
 -0.09700341 -0.09700341   -0.04065400  0.04065400   -0.04575943  0.04575943
    2    1
 -0.04749268 -0.04749268    0.01208324 -0.01208324   -0.09700341  0.09700341
  0.02175172 -0.02175172   -0.05402871 -0.05402871   -0.04065400 -0.04065400
 -0.09602887  0.09602887   -0.03102864 -0.03102864   -0.04575943 -0.04575943
    2    2
  0.22936510 -0.00000000   -0.00000000 -0.02088283   -0.00000000  0.00130495
 -0.00000000  0.02088283    0.26066022  0.00000000   -0.00830418  0.00000000
  0.00000000 -0.00130495   -0.00830418  0.00000000    0.22422560  0.00000000

     Dynamical  Matrix in cartesian axes

     q = (   -0.750000000  -0.250000000  -1.000000000 ) 

    1    1
  0.16933121  0.00000000    0.00558709  0.00000000   -0.00000000 -0.00163364
  0.00558709  0.00000000    0.25101897  0.00000000   -0.00000000 -0.01366400
 -0.00000000  0.00163364    0.00000000  0.01366400    0.18045507  0.00000000
    1    2
 -0.00000000  0.06471361   -0.00000000 -0.05749344   -0.13718354  0.00000000
  0.00000000 -0.04388112    0.00000000  0.07640814   -0.01708828  0.00000000
 -0.13580533  0.00000000   -0.03076158  0.00000000    0.00000000  0.06716479
    2    1
  0.00000000 -0.06471361   -0.00000000  0.04388112   -0.13580533 -0.00000000
 -0.00000000  0.05749344    0.00000000 -0.07640814   -0.03076158  0.00000000
 -0.13718354 -0.00000000   -0.01708828  0.00000000    0.00000000 -0.06716479
    2    2
  0.22422560  0.00000000    0.00830418 -0.00000000    0.00000000 -0.00130495
  0.00830418 -0.00000000    0.26066022  0.00000000    0.00000000 -0.02088283
 -0.00000000  0.00130495    0.00000000  0.02088283    0.22936510 -0.00000000

     Dynamical  Matrix in cartesian axes

     q = (   -1.000000000  -0.250000000  -0.750000000 ) 

    1    1
  0.18045507  0.00000000    0.00000000  0.01366400    0.00000000  0.00163364
  0.00000000 -0.01366400    0.25101897  0.00000000    0.00558709  0.00000000
  0.00000000 -0.00163364    0.00558709  0.00000000    0.16933121  0.00000000
    1    2
  0.00000000  0.06716479   -0.03076158  0.00000000   -0.13580533  0.00000000
 -0.01708828 -0.00000000    0.00000000  0.07640814   -0.00000000 -0.04388112
 -0.13718354  0.00000000   -0.00000000 -0.05749344    0.00000000  0.06471361
    2    1
  0.00000000 -0.06716479   -0.01708828  0.00000000   -0.13718354 -0.00000000
 -0.03076158  0.00000000    0.00000000 -0.07640814   -0.00000000  0.05749344
 -0.13580533 -0.00000000   -0.00000000  0.04388112    0.00000000 -0.06471361
    2    2
  0.22936510 -0.00000000    0.00000000  0.02088283    0.00000000  0.00130495
  0.00000000 -0.02088283    0.26066022  0.00000000    0.00830418  0.00000000
 -0.00000000 -0.00130495    0.00830418 -0.00000000    0.22422560  0.00000000

     Dynamical  Matrix in cartesian axes

     q = (   -1.000000000   0.250000000   0.750000000 ) 

    1    1
  0.18045507  0.00000000   -0.00000000 -0.01366400    0.00000000 -0.00163364
  0.00000000  0.01366400    0.25101897  0.00000000    0.00558709 -0.00000000
 -0.00000000  0.00163364    0.00558709  0.00000000    0.16933121  0.00000000
    1    2
 -0.00000000 -0.06716479   -0.03076158  0.00000000   -0.13580533  0.00000000
 -0.01708828  0.00000000   -0.00000000 -0.07640814    0.00000000  0.04388112
 -0.13718354  0.00000000    0.00000000  0.05749344   -0.00000000 -0.06471361
    2    1
 -0.00000000  0.06716479   -0.01708828 -0.00000000   -0.13718354  0.00000000
 -0.03076158  0.00000000   -0.00000000  0.07640814    0.00000000 -0.05749344
 -0.13580533 -0.00000000    0.00000000 -0.04388112   -0.00000000  0.06471361
    2    2
  0.22936510 -0.00000000   -0.00000000 -0.02088283    0.00000000 -0.00130495
  0.00000000  0.02088283    0.26066022 -0.00000000    0.00830418  0.00000000
  0.00000000  0.00130495    0.00830418  0.00000000    0.22422560 -0.00000000

     Dynamical  Matrix in cartesian axes

     q = (    1.000000000   0.250000000  -0.750000000 ) 

    1    1
  0.18045507  0.00000000    0.00000000  0.01366400    0.00000000 -0.00163364
 -0.00000000 -0.01366400    0.25101897  0.00000000   -0.00558709  0.00000000
 -0.00000000  0.00163364   -0.00558709  0.00000000    0.16933121  0.00000000
    1    2
 -0.04749268 -0.04749268    0.02175172 -0.02175172   -0.09602887  0.09602887
  0.01208324 -0.01208324   -0.05402871 -0.05402871   -0.03102864 -0.03102864
 -0.09700341  0.09700341   -0.04065400 -0.04065400   -0.04575943 -0.04575943
    2    1
 -0.04749268  0.04749268    0.01208324  0.01208324   -0.09700341 -0.09700341
  0.02175172  0.02175172   -0.05402871  0.05402871   -0.04065400  0.04065400
 -0.09602887 -0.09602887   -0.03102864  0.03102864   -0.04575943  0.04575943
    2    2
  0.22936510  0.00000000    0.00000000  0.02088283    0.00000000 -0.00130495
  0.00000000 -0.02088283    0.26066022  0.00000000   -0.00830418  0.00000000
  0.00000000  0.00130495   -0.00830418  0.00000000    0.22422560  0.00000000

     Dynamical  Matrix in cartesian axes

     q = (   -0.750000000   0.250000000   1.000000000 ) 

    1    1
  0.16933121  0.00000000   -0.00558709  0.00000000   -0.00000000  0.00163364
 -0.00558709  0.00000000    0.25101897  0.00000000    0.00000000 -0.01366400
  0.00000000 -0.00163364    0.00000000  0.01366400    0.18045507  0.00000000
    1    2
 -0.04575943 -0.04575943   -0.04065400 -0.04065400   -0.09700341  0.09700341
 -0.03102864 -0.03102864   -0.05402871 -0.05402871    0.01208324 -0.01208324
 -0.09602887  0.09602887    0.02175172 -0.02175172   -0.04749268 -0.04749268
    2    1
 -0.04575943  0.04575943   -0.03102864  0.03102864   -0.09602887 -0.09602887
 -0.04065400  0.04065400   -0.05402871  0.05402871    0.02175172  0.02175172
 -0.09700341 -0.09700341    0.01208324  0.01208324   -0.04749268  0.04749268
    2    2
  0.22422560 -0.00000000   -0.00830418 -0.00000000    0.00000000  0.00130495
 -0.00830418 -0.00000000    0.26066022 -0.00000000    0.00000000 -0.02088283
  0.00000000 -0.00130495    0.00000000  0.02088283    0.22936510  0.00000000

     Dynamical  Matrix in cartesian axes

     q = (    0.750000000   0.250000000  -1.000000000 ) 

    1    1
  0.16933121  0.00000000    0.00558709  0.00000000   -0.00000000  0.00163364
  0.00558709  0.00000000    0.25101897  0.00000000    0.00000000  0.01366400
  0.00000000 -0.00163364   -0.00000000 -0.01366400    0.18045507  0.00000000
    1    2
 -0.00000000 -0.06471361   -0.00000000  0.05749344   -0.13718354  0.00000000
 -0.00000000  0.04388112   -0.00000000 -0.07640814   -0.01708828 -0.00000000
 -0.13580533  0.00000000   -0.03076158 -0.00000000   -0.00000000 -0.06716479
    2    1
 -0.00000000  0.06471361    0.00000000 -0.04388112   -0.13580533 -0.00000000
  0.00000000 -0.05749344   -0.00000000  0.07640814   -0.03076158 -0.00000000
 -0.13718354  0.00000000   -0.01708828  0.00000000   -0.00000000  0.06716479
    2    2
  0.22422560  0.00000000    0.00830418 -0.00000000    0.00000000  0.00130495
  0.00830418 -0.00000000    0.26066022  0.00000000   -0.00000000  0.02088283
  0.00000000 -0.00130495    0.00000000 -0.02088283    0.22936510 -0.00000000

     Dynamical  Matrix in cartesian axes

     q = (    1.000000000   0.750000000  -0.250000000 ) 

    1    1
  0.18045507  0.00000000   -0.00000000  0.00163364   -0.00000000 -0.01366400
  0.00000000 -0.00163364    0.16933121  0.00000000   -0.00558709  0.00000000
  0.00000000  0.01366400   -0.00558709  0.00000000    0.25101897  0.00000000
    1    2
 -0.04749268  0.04749268   -0.09602887 -0.09602887    0.02175172  0.02175172
 -0.09700341 -0.09700341   -0.04575943  0.04575943   -0.04065400  0.04065400
  0.01208324  0.01208324   -0.03102864  0.03102864   -0.05402871  0.05402871
    2    1
 -0.04749268 -0.04749268   -0.09700341  0.09700341    0.01208324 -0.01208324
 -0.09602887  0.09602887   -0.04575943 -0.04575943   -0.03102864 -0.03102864
  0.02175172 -0.02175172   -0.04065400 -0.04065400   -0.05402871 -0.05402871
    2    2
  0.22936510 -0.00000000   -0.00000000  0.00130495    0.00000000 -0.02088283
 -0.00000000 -0.00130495    0.22422560  0.00000000   -0.00830418  0.00000000
 -0.00000000  0.02088283   -0.00830418  0.00000000    0.26066022 -0.00000000

     Dynamical  Matrix in cartesian axes

     q = (   -0.750000000  -1.000000000  -0.250000000 ) 

    1    1
  0.16933121  0.00000000    0.00000000 -0.00163364    0.00558709  0.00000000
  0.00000000  0.00163364    0.18045507  0.00000000    0.00000000  0.01366400
  0.00558709  0.00000000    0.00000000 -0.01366400    0.25101897  0.00000000
    1    2
  0.00000000  0.06471361   -0.13718354  0.00000000   -0.00000000 -0.05749344
 -0.13580533  0.00000000    0.00000000  0.06716479   -0.03076158  0.00000000
  0.00000000 -0.04388112   -0.01708828  0.00000000    0.00000000  0.07640814
    2    1
  0.00000000 -0.06471361   -0.13580533 -0.00000000   -0.00000000  0.04388112
 -0.13718354 -0.00000000    0.00000000 -0.06716479   -0.01708828  0.00000000
 -0.00000000  0.05749344   -0.03076158  0.00000000    0.00000000 -0.07640814
    2    2
  0.22422560  0.00000000   -0.00000000 -0.00130495    0.00830418 -0.00000000
 -0.00000000  0.00130495    0.22936510 -0.00000000    0.00000000  0.02088283
  0.00830418 -0.00000000    0.00000000 -0.02088283    0.26066022 -0.00000000

     Dynamical  Matrix in cartesian axes

     q = (   -1.000000000  -0.750000000  -0.250000000 ) 

    1    1
  0.18045507  0.00000000   -0.00000000  0.00163364    0.00000000  0.01366400
  0.00000000 -0.00163364    0.16933121  0.00000000    0.00558709  0.00000000
  0.00000000 -0.01366400    0.00558709 -0.00000000    0.25101897  0.00000000
    1    2
  0.00000000  0.06716479   -0.13580533  0.00000000   -0.03076158  0.00000000
 -0.13718354  0.00000000    0.00000000  0.06471361   -0.00000000 -0.05749344
 -0.01708828 -0.00000000   -0.00000000 -0.04388112    0.00000000  0.07640814
    2    1
  0.00000000 -0.06716479   -0.13718354 -0.00000000   -0.01708828  0.00000000
 -0.13580533 -0.00000000    0.00000000 -0.06471361    0.00000000  0.04388112
 -0.03076158  0.00000000    0.00000000  0.05749344    0.00000000 -0.07640814
    2    2
  0.22936510 -0.00000000   -0.00000000  0.00130495    0.00000000  0.02088283
 -0.00000000 -0.00130495    0.22422560  0.00000000    0.00830418 -0.00000000
  0.00000000 -0.02088283    0.00830418 -0.00000000    0.26066022  0.00000000

     Dynamical  Matrix in cartesian axes

     q = (   -1.000000000   0.750000000   0.250000000 ) 

    1    1
  0.18045507  0.00000000    0.00000000 -0.00163364    0.00000000 -0.01366400
  0.00000000  0.00163364    0.16933121  0.00000000    0.00558709  0.00000000
  0.00000000  0.01366400    0.00558709  0.00000000    0.25101897  0.00000000
    1    2
  0.00000000 -0.06716479   -0.13580533  0.00000000   -0.03076158 -0.00000000
 -0.13718354  0.00000000   -0.00000000 -0.06471361    0.00000000  0.05749344
 -0.01708828  0.00000000    0.00000000  0.04388112   -0.00000000 -0.07640814
    2    1
 -0.00000000  0.06716479   -0.13718354 -0.00000000   -0.01708828  0.00000000
 -0.13580533 -0.00000000   -0.00000000  0.06471361    0.00000000 -0.04388112
 -0.03076158  0.00000000    0.00000000 -0.05749344    0.00000000  0.07640814
    2    2
  0.22936510 -0.00000000    0.00000000 -0.00130495   -0.00000000 -0.02088283
  0.00000000  0.00130495    0.22422560 -0.00000000    0.00830418  0.00000000
 -0.00000000  0.02088283    0.00830418  0.00000000    0.26066022 -0.00000000

     Dynamical  Matrix in cartesian axes

     q = (   -0.750000000   1.000000000   0.250000000 ) 

    1    1
  0.16933121  0.00000000    0.00000000  0.00163364   -0.00558709  0.00000000
  0.00000000 -0.00163364    0.18045507  0.00000000    0.00000000  0.01366400
 -0.00558709  0.00000000    0.00000000 -0.01366400    0.25101897  0.00000000
    1    2
 -0.04575943 -0.04575943   -0.09700341  0.09700341   -0.04065400 -0.04065400
 -0.09602887  0.09602887   -0.04749268 -0.04749268    0.02175172 -0.02175172
 -0.03102864 -0.03102864    0.01208324 -0.01208324   -0.05402871 -0.05402871
    2    1
 -0.04575943  0.04575943   -0.09602887 -0.09602887   -0.03102864  0.03102864
 -0.09700341 -0.09700341   -0.04749268  0.04749268    0.01208324  0.01208324
 -0.04065400  0.04065400    0.02175172  0.02175172   -0.05402871  0.05402871
    2    2
  0.22422560 -0.00000000    0.00000000  0.00130495   -0.00830418 -0.00000000
  0.00000000 -0.00130495    0.22936510 -0.00000000    0.00000000  0.02088283
 -0.00830418 -0.00000000   -0.00000000 -0.02088283    0.26066022 -0.00000000

     Dynamical  Matrix in cartesian axes

     q = (   -0.250000000   0.750000000   1.000000000 ) 

    1    1
  0.25101897  0.00000000   -0.00558709  0.00000000    0.00000000  0.01366400
 -0.00558709  0.00000000    0.16933121  0.00000000    0.00000000 -0.00163364
  0.00000000 -0.01366400    0.00000000  0.00163364    0.18045507  0.00000000
    1    2
 -0.05402871  0.05402871   -0.03102864  0.03102864    0.01208324  0.01208324
 -0.04065400  0.04065400   -0.04575943  0.04575943   -0.09700341 -0.09700341
  0.02175172  0.02175172   -0.09602887 -0.09602887   -0.04749268  0.04749268
    2    1
 -0.05402871 -0.05402871   -0.04065400 -0.04065400    0.02175172 -0.02175172
 -0.03102864 -0.03102864   -0.04575943 -0.04575943   -0.09602887  0.09602887
  0.01208324 -0.01208324   -0.09700341  0.09700341   -0.04749268 -0.04749268
    2    2
  0.26066022 -0.00000000   -0.00830418 -0.00000000   -0.00000000  0.02088283
 -0.00830418 -0.00000000    0.22422560 -0.00000000    0.00000000 -0.00130495
 -0.00000000 -0.02088283   -0.00000000  0.00130495    0.22936510  0.00000000

     Dynamical  Matrix in cartesian axes

     q = (    0.250000000   0.750000000  -1.000000000 ) 

    1    1
  0.25101897  0.00000000    0.00558709  0.00000000    0.00000000  0.01366400
  0.00558709  0.00000000    0.16933121  0.00000000   -0.00000000  0.00163364
  0.00000000 -0.01366400    0.00000000 -0.00163364    0.18045507  0.00000000
    1    2
  0.00000000 -0.07640814   -0.00000000  0.04388112   -0.01708828 -0.00000000
  0.00000000  0.05749344    0.00000000 -0.06471361   -0.13718354  0.00000000
 -0.03076158 -0.00000000   -0.13580533  0.00000000    0.00000000 -0.06716479
    2    1
 -0.00000000  0.07640814    0.00000000 -0.05749344   -0.03076158  0.00000000
  0.00000000 -0.04388112   -0.00000000  0.06471361   -0.13580533 -0.00000000
 -0.01708828  0.00000000   -0.13718354 -0.00000000   -0.00000000  0.06716479
    2    2
  0.26066022  0.00000000    0.00830418 -0.00000000    0.00000000  0.02088283
  0.00830418 -0.00000000    0.22422560  0.00000000    0.00000000  0.00130495
  0.00000000 -0.02088283    0.00000000 -0.00130495    0.22936510 -0.00000000

     Dynamical  Matrix in cartesian axes

     q = (   -0.250000000  -0.750000000  -1.000000000 ) 

    1    1
  0.25101897  0.00000000    0.00558709  0.00000000   -0.00000000 -0.01366400
  0.00558709  0.00000000    0.16933121  0.00000000    0.00000000 -0.00163364
  0.00000000  0.01366400   -0.00000000  0.00163364    0.18045507  0.00000000
    1    2
  0.00000000  0.07640814    0.00000000 -0.04388112   -0.01708828 -0.00000000
  0.00000000 -0.05749344    0.00000000  0.06471361   -0.13718354  0.00000000
 -0.03076158 -0.00000000   -0.13580533  0.00000000    0.00000000  0.06716479
    2    1
  0.00000000 -0.07640814   -0.00000000  0.05749344   -0.03076158  0.00000000
 -0.00000000  0.04388112    0.00000000 -0.06471361   -0.13580533 -0.00000000
 -0.01708828  0.00000000   -0.13718354 -0.00000000    0.00000000 -0.06716479
    2    2
  0.26066022  0.00000000    0.00830418 -0.00000000    0.00000000 -0.02088283
  0.00830418 -0.00000000    0.22422560  0.00000000   -0.00000000 -0.00130495
  0.00000000  0.02088283   -0.00000000  0.00130495    0.22936510 -0.00000000

     Dynamical  Matrix in cartesian axes

     q = (    0.250000000  -0.750000000   1.000000000 ) 

    1    1
  0.25101897  0.00000000   -0.00558709  0.00000000   -0.00000000 -0.01366400
 -0.00558709  0.00000000    0.16933121  0.00000000   -0.00000000  0.00163364
  0.00000000  0.01366400    0.00000000 -0.00163364    0.18045507  0.00000000
    1    2
 -0.05402871 -0.05402871   -0.03102864 -0.03102864    0.01208324 -0.01208324
 -0.04065400 -0.04065400   -0.04575943 -0.04575943   -0.09700341  0.09700341
  0.02175172 -0.02175172   -0.09602887  0.09602887   -0.04749268 -0.04749268
    2    1
 -0.05402871  0.05402871   -0.04065400  0.04065400    0.02175172  0.02175172
 -0.03102864  0.03102864   -0.04575943  0.04575943   -0.09602887 -0.09602887
  0.01208324  0.01208324   -0.09700341 -0.09700341   -0.04749268  0.04749268
    2    2
  0.26066022  0.00000000   -0.00830418  0.00000000   -0.00000000 -0.02088283
 -0.00830418  0.00000000    0.22422560  0.00000000    0.00000000  0.00130495
  0.00000000  0.02088283    0.00000000 -0.00130495    0.22936510  0.00000000

     Dynamical  Matrix in cartesian axes

     q = (   -0.250000000   1.000000000   0.750000000 ) 

    1    1
  0.25101897  0.00000000    0.00000000  0.01366400   -0.00558709  0.00000000
 -0.00000000 -0.01366400    0.18045507  0.00000000   -0.00000000  0.00163364
 -0.00558709  0.00000000    0.00000000 -0.00163364    0.16933121  0.00000000
    1    2
 -0.05402871  0.05402871    0.01208324  0.01208324   -0.03102864  0.03102864
  0.02175172  0.02175172   -0.04749268  0.04749268   -0.09602887 -0.09602887
 -0.04065400  0.04065400   -0.09700341 -0.09700341   -0.04575943  0.04575943
    2    1
 -0.05402871 -0.05402871    0.02175172 -0.02175172   -0.04065400 -0.04065400
  0.01208324 -0.01208324   -0.04749268 -0.04749268   -0.09700341  0.09700341
 -0.03102864 -0.03102864   -0.09602887  0.09602887   -0.04575943 -0.04575943
    2    2
  0.26066022 -0.00000000    0.00000000  0.02088283   -0.00830418 -0.00000000
 -0.00000000 -0.02088283    0.22936510 -0.00000000   -0.00000000  0.00130495
 -0.00830418 -0.00000000    0.00000000 -0.00130495    0.22422560 -0.00000000

     Dynamical  Matrix in cartesian axes

     q = (   -0.250000000  -1.000000000  -0.750000000 ) 

    1    1
  0.25101897  0.00000000    0.00000000 -0.01366400    0.00558709  0.00000000
  0.00000000  0.01366400    0.18045507  0.00000000   -0.00000000  0.00163364
  0.00558709  0.00000000    0.00000000 -0.00163364    0.16933121  0.00000000
    1    2
  0.00000000  0.07640814   -0.01708828 -0.00000000    0.00000000 -0.04388112
 -0.03076158 -0.00000000    0.00000000  0.06716479   -0.13580533  0.00000000
  0.00000000 -0.05749344   -0.13718354  0.00000000    0.00000000  0.06471361
    2    1
  0.00000000 -0.07640814   -0.03076158  0.00000000   -0.00000000  0.05749344
 -0.01708828  0.00000000    0.00000000 -0.06716479   -0.13718354 -0.00000000
 -0.00000000  0.04388112   -0.13580533 -0.00000000    0.00000000 -0.06471361
    2    2
  0.26066022  0.00000000    0.00000000 -0.02088283    0.00830418 -0.00000000
  0.00000000  0.02088283    0.22936510  0.00000000   -0.00000000  0.00130495
  0.00830418 -0.00000000    0.00000000 -0.00130495    0.22422560  0.00000000

     Dynamical  Matrix in cartesian axes

     q = (    0.250000000  -1.000000000   0.750000000 ) 

    1    1
  0.25101897  0.00000000    0.00000000  0.01366400    0.00558709  0.00000000
  0.00000000 -0.01366400    0.18045507  0.00000000    0.00000000 -0.00163364
  0.00558709  0.00000000   -0.00000000  0.00163364    0.16933121  0.00000000
    1    2
  0.00000000 -0.07640814   -0.01708828 -0.00000000    0.00000000  0.04388112
 -0.03076158 -0.00000000    0.00000000 -0.06716479   -0.13580533  0.00000000
  0.00000000  0.05749344   -0.13718354  0.00000000    0.00000000 -0.06471361
    2    1
  0.00000000  0.07640814   -0.03076158  0.00000000    0.00000000 -0.05749344
 -0.01708828  0.00000000   -0.00000000  0.06716479   -0.13718354 -0.00000000
  0.00000000 -0.04388112   -0.13580533 -0.00000000   -0.00000000  0.06471361
    2    2
  0.26066022  0.00000000    0.00000000  0.02088283    0.00830418  0.00000000
 -0.00000000 -0.02088283    0.22936510 -0.00000000    0.00000000 -0.00130495
  0.00830418 -0.00000000    0.00000000  0.00130495    0.22422560  0.00000000

     Dynamical  Matrix in cartesian axes

     q = (    0.250000000   1.000000000  -0.750000000 ) 

    1    1
  0.25101897  0.00000000   -0.00000000 -0.01366400   -0.00558709  0.00000000
  0.00000000  0.01366400    0.18045507  0.00000000    0.00000000 -0.00163364
 -0.00558709  0.00000000   -0.00000000  0.00163364    0.16933121  0.00000000
    1    2
 -0.05402871 -0.05402871    0.01208324 -0.01208324   -0.03102864 -0.03102864
  0.02175172 -0.02175172   -0.04749268 -0.04749268   -0.09602887  0.09602887
 -0.04065400 -0.04065400   -0.09700341  0.09700341   -0.04575943 -0.04575943
    2    1
 -0.05402871  0.05402871    0.02175172  0.02175172   -0.04065400  0.04065400
  0.01208324  0.01208324   -0.04749268  0.04749268   -0.09700341 -0.09700341
 -0.03102864  0.03102864   -0.09602887 -0.09602887   -0.04575943  0.04575943
    2    2
  0.26066022  0.00000000    0.00000000 -0.02088283   -0.00830418  0.00000000
  0.00000000  0.02088283    0.22936510 -0.00000000    0.00000000 -0.00130495
 -0.00830418  0.00000000    0.00000000  0.00130495    0.22422560  0.00000000

     Dynamical  Matrix in cartesian axes

     q = (    0.750000000   1.000000000  -0.250000000 ) 

    1    1
  0.16933121  0.00000000    0.00000000 -0.00163364   -0.00558709  0.00000000
 -0.00000000  0.00163364    0.18045507  0.00000000   -0.00000000 -0.01366400
 -0.00558709  0.00000000    0.00000000  0.01366400    0.25101897  0.00000000
    1    2
 -0.04575943  0.04575943   -0.09700341 -0.09700341   -0.04065400  0.04065400
 -0.09602887 -0.09602887   -0.04749268  0.04749268    0.02175172  0.02175172
 -0.03102864  0.03102864    0.01208324  0.01208324   -0.05402871  0.05402871
    2    1
 -0.04575943 -0.04575943   -0.09602887  0.09602887   -0.03102864 -0.03102864
 -0.09700341  0.09700341   -0.04749268 -0.04749268    0.01208324 -0.01208324
 -0.04065400 -0.04065400    0.02175172 -0.02175172   -0.05402871 -0.05402871
    2    2
  0.22422560  0.00000000   -0.00000000 -0.00130495   -0.00830418  0.00000000
 -0.00000000  0.00130495    0.22936510 -0.00000000   -0.00000000 -0.02088283
 -0.00830418  0.00000000   -0.00000000  0.02088283    0.26066022  0.00000000

     Dynamical  Matrix in cartesian axes

     q = (    1.000000000  -0.750000000   0.250000000 ) 

    1    1
  0.18045507  0.00000000    0.00000000 -0.00163364    0.00000000  0.01366400
  0.00000000  0.00163364    0.16933121  0.00000000   -0.00558709  0.00000000
 -0.00000000 -0.01366400   -0.00558709 -0.00000000    0.25101897  0.00000000
    1    2
 -0.04749268 -0.04749268   -0.09602887  0.09602887    0.02175172 -0.02175172
 -0.09700341  0.09700341   -0.04575943 -0.04575943   -0.04065400 -0.04065400
  0.01208324 -0.01208324   -0.03102864 -0.03102864   -0.05402871 -0.05402871
    2    1
 -0.04749268  0.04749268   -0.09700341 -0.09700341    0.01208324  0.01208324
 -0.09602887 -0.09602887   -0.04575943  0.04575943   -0.03102864  0.03102864
  0.02175172  0.02175172   -0.04065400  0.04065400   -0.05402871  0.05402871
    2    2
  0.22936510 -0.00000000    0.00000000 -0.00130495    0.00000000  0.02088283
  0.00000000  0.00130495    0.22422560  0.00000000   -0.00830418  0.00000000
  0.00000000 -0.02088283   -0.00830418  0.00000000    0.26066022  0.00000000

     Dynamical  Matrix in cartesian axes

     q = (    0.750000000  -1.000000000   0.250000000 ) 

    1    1
  0.16933121  0.00000000    0.00000000  0.00163364    0.00558709  0.00000000
  0.00000000 -0.00163364    0.18045507  0.00000000    0.00000000 -0.01366400
  0.00558709  0.00000000    0.00000000  0.01366400    0.25101897  0.00000000
    1    2
  0.00000000 -0.06471361   -0.13718354  0.00000000   -0.00000000  0.05749344
 -0.13580533  0.00000000   -0.00000000 -0.06716479   -0.03076158 -0.00000000
  0.00000000  0.04388112   -0.01708828 -0.00000000    0.00000000 -0.07640814
    2    1
 -0.00000000  0.06471361   -0.13580533 -0.00000000    0.00000000 -0.04388112
 -0.13718354  0.00000000   -0.00000000  0.06716479   -0.01708828  0.00000000
  0.00000000 -0.05749344   -0.03076158  0.00000000   -0.00000000  0.07640814
    2    2
  0.22422560  0.00000000    0.00000000  0.00130495    0.00830418 -0.00000000
  0.00000000 -0.00130495    0.22936510  0.00000000   -0.00000000 -0.02088283
  0.00830418 -0.00000000   -0.00000000  0.02088283    0.26066022  0.00000000

     Diagonalizing the dynamical matrix

     q = (    0.750000000  -0.250000000   1.000000000 ) 

 **************************************************************************
     freq (    1) =       2.441879 [THz] =      81.452314 [cm-1]
 (  0.537585  0.537585  0.088189  0.088189 -0.040989  0.040989 ) 
 (  0.000000  0.347407  0.000000  0.197446  0.493370  0.000000 ) 
     freq (    2) =       2.634397 [THz] =      87.874012 [cm-1]
 (  0.075108  0.075108 -0.129930 -0.129930  0.513549 -0.513549 ) 
 ( -0.000000 -0.550134 -0.000000  0.011366  0.353145  0.000000 ) 
     freq (    3) =       5.324193 [THz] =     177.595952 [cm-1]
 (  0.028942  0.028942 -0.429939 -0.429939 -0.169953  0.169953 ) 
 (  0.000000  0.070685  0.000000 -0.695494  0.286624  0.000000 ) 
     freq (    4) =       7.200421 [THz] =     240.180192 [cm-1]
 (  0.255421  0.255421 -0.474400 -0.474400 -0.116683  0.116683 ) 
 (  0.000000 -0.188098 -0.000000  0.427735 -0.416944  0.000000 ) 
     freq (    5) =       7.686876 [THz] =     256.406569 [cm-1]
 ( -0.146644 -0.146644 -0.232320 -0.232320  0.405563 -0.405563 ) 
 ( -0.000000  0.706784 -0.000000  0.101701 -0.100983  0.000000 ) 
     freq (    6) =       7.958931 [THz] =     265.481350 [cm-1]
 (  0.366973  0.366973  0.171436  0.171436  0.213058 -0.213058 ) 
 (  0.000000  0.009169  0.000000 -0.501397 -0.574117  0.000000 ) 
 **************************************************************************
