Dynamical matrix file
                                                                           
  2    2  2 10.6867000  0.0000000  0.0000000  0.0000000  0.0000000  0.0000000
           1  'Ga  '    63548.6268941884     
           2  'As  '    68286.8563741160     
    1    1      0.0000000000      0.0000000000      0.0000000000
    2    2      0.2500000000      0.2500000000      0.2500000000

     Dynamical  Matrix in cartesian axes

     q = (    0.000000000   0.250000000   0.000000000 ) 

    1    1
  0.18672940  0.00000000    0.00000000  0.00000000    0.00000000  0.00000000
  0.00000000  0.00000000    0.23896460  0.00000000    0.00000000  0.00000000
  0.00000000  0.00000000    0.00000000  0.00000000    0.18672940  0.00000000
    1    2
 -0.16523618  0.06844307    0.00000000  0.00000000   -0.01893355 -0.04570963
 -0.00000000  0.00000000   -0.19537466  0.08092683   -0.00000000  0.00000000
 -0.01893355 -0.04570963   -0.00000000 -0.00000000   -0.16523618  0.06844307
    2    1
 -0.16523618 -0.06844307   -0.00000000  0.00000000   -0.01893355  0.04570963
  0.00000000  0.00000000   -0.19537466 -0.08092683    0.00000000  0.00000000
 -0.01893355  0.04570963    0.00000000  0.00000000   -0.16523618 -0.06844307
    2    2
  0.20364109  0.00000000    0.00000000  0.00000000   -0.00000000  0.00000000
 -0.00000000  0.00000000    0.23606213  0.00000000   -0.00000000  0.00000000
 -0.00000000  0.00000000    0.00000000  0.00000000    0.20364109  0.00000000

     Dynamical  Matrix in cartesian axes

     q = (   -0.250000000   0.000000000   0.000000000 ) 

    1    1
  0.23896460  0.00000000    0.00000000  0.00000000    0.00000000  0.00000000
  0.00000000  0.00000000    0.18672940  0.00000000    0.00000000 -0.00000000
  0.00000000  0.00000000    0.00000000 -0.00000000    0.18672940  0.00000000
    1    2
 -0.19537466 -0.08092683   -0.00000000  0.00000000    0.00000000  0.00000000
  0.00000000  0.00000000   -0.16523618 -0.06844307   -0.01893355  0.04570963
  0.00000000  0.00000000   -0.01893355  0.04570963   -0.16523618 -0.06844307
    2    1
 -0.19537466  0.08092683   -0.00000000 -0.00000000    0.00000000 -0.00000000
  0.00000000  0.00000000   -0.16523618  0.06844307   -0.01893355 -0.04570963
 -0.00000000  0.00000000   -0.01893355 -0.04570963   -0.16523618  0.06844307
    2    2
  0.23606213  0.00000000   -0.00000000  0.00000000    0.00000000  0.00000000
  0.00000000  0.00000000    0.20364109  0.00000000    0.00000000  0.00000000
  0.00000000  0.00000000    0.00000000  0.00000000    0.20364109  0.00000000

     Dynamical  Matrix in cartesian axes

     q = (    0.000000000  -0.250000000   0.000000000 ) 

    1    1
  0.18672940  0.00000000    0.00000000  0.00000000    0.00000000 -0.00000000
  0.00000000  0.00000000    0.23896460  0.00000000    0.00000000  0.00000000
  0.00000000 -0.00000000    0.00000000  0.00000000    0.18672940  0.00000000
    1    2
 -0.16523618 -0.06844307    0.00000000  0.00000000   -0.01893355  0.04570963
  0.00000000  0.00000000   -0.19537466 -0.08092683    0.00000000  0.00000000
 -0.01893355  0.04570963    0.00000000  0.00000000   -0.16523618 -0.06844307
    2    1
 -0.16523618  0.06844307    0.00000000  0.00000000   -0.01893355 -0.04570963
  0.00000000  0.00000000   -0.19537466  0.08092683    0.00000000  0.00000000
 -0.01893355 -0.04570963    0.00000000 -0.00000000   -0.16523618  0.06844307
    2    2
  0.20364109  0.00000000   -0.00000000  0.00000000    0.00000000  0.00000000
 -0.00000000  0.00000000    0.23606213  0.00000000    0.00000000  0.00000000
 -0.00000000  0.00000000   -0.00000000  0.00000000    0.20364109  0.00000000

     Dynamical  Matrix in cartesian axes

     q = (    0.000000000   0.000000000   0.250000000 ) 

    1    1
  0.18672940  0.00000000    0.00000000  0.00000000    0.00000000  0.00000000
  0.00000000  0.00000000    0.18672940  0.00000000    0.00000000  0.00000000
  0.00000000  0.00000000    0.00000000  0.00000000    0.23896460  0.00000000
    1    2
 -0.16523618  0.06844307   -0.01893355 -0.04570963   -0.00000000  0.00000000
 -0.01893355 -0.04570963   -0.16523618  0.06844307   -0.00000000  0.00000000
 -0.00000000 -0.00000000   -0.00000000 -0.00000000   -0.19537466  0.08092683
    2    1
 -0.16523618 -0.06844307   -0.01893355  0.04570963    0.00000000  0.00000000
 -0.01893355  0.04570963   -0.16523618 -0.06844307    0.00000000  0.00000000
 -0.00000000  0.00000000   -0.00000000  0.00000000   -0.19537466 -0.08092683
    2    2
  0.20364109  0.00000000   -0.00000000  0.00000000    0.00000000  0.00000000
 -0.00000000  0.00000000    0.20364109  0.00000000    0.00000000  0.00000000
  0.00000000  0.00000000    0.00000000  0.00000000    0.23606213  0.00000000

     Dynamical  Matrix in cartesian axes

     q = (    0.000000000   0.000000000  -0.250000000 ) 

    1    1
  0.18672940  0.00000000    0.00000000 -0.00000000    0.00000000  0.00000000
  0.00000000 -0.00000000    0.18672940  0.00000000    0.00000000  0.00000000
  0.00000000  0.00000000    0.00000000  0.00000000    0.23896460  0.00000000
    1    2
 -0.16523618 -0.06844307   -0.01893355  0.04570963    0.00000000  0.00000000
 -0.01893355  0.04570963   -0.16523618 -0.06844307    0.00000000  0.00000000
  0.00000000  0.00000000    0.00000000  0.00000000   -0.19537466 -0.08092683
    2    1
 -0.16523618  0.06844307   -0.01893355 -0.04570963    0.00000000  0.00000000
 -0.01893355 -0.04570963   -0.16523618  0.06844307   -0.00000000 -0.00000000
 -0.00000000  0.00000000   -0.00000000  0.00000000   -0.19537466  0.08092683
    2    2
  0.20364109  0.00000000    0.00000000  0.00000000   -0.00000000  0.00000000
  0.00000000  0.00000000    0.20364109  0.00000000   -0.00000000  0.00000000
 -0.00000000  0.00000000    0.00000000  0.00000000    0.23606213  0.00000000

     Dynamical  Matrix in cartesian axes

     q = (    0.250000000   0.000000000   0.000000000 ) 

    1    1
  0.23896460  0.00000000    0.00000000  0.00000000    0.00000000  0.00000000
  0.00000000  0.00000000    0.18672940  0.00000000    0.00000000  0.00000000
  0.00000000  0.00000000    0.00000000  0.00000000    0.18672940  0.00000000
    1    2
 -0.19537466  0.08092683   -0.00000000  0.00000000    0.00000000  0.00000000
  0.00000000  0.00000000   -0.16523618  0.06844307   -0.01893355 -0.04570963
  0.00000000  0.00000000   -0.01893355 -0.04570963   -0.16523618  0.06844307
    2    1
 -0.19537466 -0.08092683   -0.00000000  0.00000000    0.00000000  0.00000000
  0.00000000  0.00000000   -0.16523618 -0.06844307   -0.01893355  0.04570963
 -0.00000000  0.00000000   -0.01893355  0.04570963   -0.16523618 -0.06844307
    2    2
  0.23606213  0.00000000   -0.00000000  0.00000000   -0.00000000  0.00000000
  0.00000000  0.00000000    0.20364109  0.00000000   -0.00000000  0.00000000
 -0.00000000  0.00000000   -0.00000000  0.00000000    0.20364109  0.00000000

     Diagonalizing the dynamical matrix

     q = (    0.000000000   0.250000000   0.000000000 ) 

 **************************************************************************
     freq (    1) =       1.244994 [THz] =      41.528534 [cm-1]
 (  0.669519 -0.192137 -0.000000  0.000000  0.068965  0.178660 ) 
 (  0.687354  0.073796 -0.000000 -0.000000  0.015792  0.000000 ) 
     freq (    2) =       1.244994 [THz] =      41.528534 [cm-1]
 ( -0.058431 -0.182377  0.000000 -0.000000 -0.641836  0.270591 ) 
 (  0.015701  0.001686  0.000000 -0.000000 -0.691305  0.000000 ) 
     freq (    3) =       2.067252 [THz] =      68.956088 [cm-1]
 ( -0.000000  0.000000 -0.489693  0.504537 -0.000000  0.000000 ) 
 ( -0.000000  0.000000 -0.652822  0.281898 -0.000000  0.000000 ) 
     freq (    4) =       7.907468 [THz] =     263.764738 [cm-1]
 (  0.656020 -0.217218 -0.000000 -0.000000  0.060089  0.181476 ) 
 ( -0.695219 -0.050804  0.000000  0.000000 -0.000000  0.000000 ) 
     freq (    5) =       7.907468 [THz] =     263.764738 [cm-1]
 ( -0.073156 -0.176614  0.000000 -0.000000 -0.638444  0.264452 ) 
 ( -0.000000 -0.000000 -0.000000  0.000000  0.697073  0.000000 ) 
     freq (    6) =       8.592981 [THz] =     286.630999 [cm-1]
 ( -0.000000 -0.000000  0.512512 -0.528048  0.000000 -0.000000 ) 
 (  0.000000  0.000000 -0.621643  0.268434 -0.000000  0.000000 ) 
 **************************************************************************
