Dynamical matrix file
                                                                           
  2    2  2 10.6867000  0.0000000  0.0000000  0.0000000  0.0000000  0.0000000
           1  'Ga  '    63548.6268941884     
           2  'As  '    68286.8563741160     
    1    1      0.0000000000      0.0000000000      0.0000000000
    2    2      0.2500000000      0.2500000000      0.2500000000

     Dynamical  Matrix in cartesian axes

     q = (   -0.250000000   0.250000000  -0.250000000 ) 

    1    1
  0.20710556  0.00000000   -0.01953401  0.00000000    0.01953401  0.00000000
 -0.01953401  0.00000000    0.20710556  0.00000000   -0.01953401  0.00000000
  0.01953401  0.00000000   -0.01953401  0.00000000    0.20710556  0.00000000
    1    2
 -0.15376514 -0.05017462   -0.02965332  0.03886934    0.02965332 -0.03886934
 -0.02965332  0.03886934   -0.15376514 -0.05017462   -0.02965332  0.03886934
  0.02965332 -0.03886934   -0.02965332  0.03886934   -0.15376514 -0.05017462
    2    1
 -0.15376514  0.05017462   -0.02965332 -0.03886934    0.02965332  0.03886934
 -0.02965332 -0.03886934   -0.15376514  0.05017462   -0.02965332 -0.03886934
  0.02965332  0.03886934   -0.02965332 -0.03886934   -0.15376514  0.05017462
    2    2
  0.22120026  0.00000000   -0.01621902  0.00000000    0.01621902  0.00000000
 -0.01621902  0.00000000    0.22120026  0.00000000   -0.01621902  0.00000000
  0.01621902  0.00000000   -0.01621902  0.00000000    0.22120026  0.00000000

     Dynamical  Matrix in cartesian axes

     q = (    0.250000000  -0.250000000   0.250000000 ) 

    1    1
  0.20710556  0.00000000   -0.01953401  0.00000000    0.01953401  0.00000000
 -0.01953401  0.00000000    0.20710556  0.00000000   -0.01953401  0.00000000
  0.01953401  0.00000000   -0.01953401  0.00000000    0.20710556  0.00000000
    1    2
 -0.15376514  0.05017462   -0.02965332 -0.03886934    0.02965332  0.03886934
 -0.02965332 -0.03886934   -0.15376514  0.05017462   -0.02965332 -0.03886934
  0.02965332  0.03886934   -0.02965332 -0.03886934   -0.15376514  0.05017462
    2    1
 -0.15376514 -0.05017462   -0.02965332  0.03886934    0.02965332 -0.03886934
 -0.02965332  0.03886934   -0.15376514 -0.05017462   -0.02965332  0.03886934
  0.02965332 -0.03886934   -0.02965332  0.03886934   -0.15376514 -0.05017462
    2    2
  0.22120026  0.00000000   -0.01621902  0.00000000    0.01621902  0.00000000
 -0.01621902  0.00000000    0.22120026  0.00000000   -0.01621902  0.00000000
  0.01621902  0.00000000   -0.01621902  0.00000000    0.22120026  0.00000000

     Dynamical  Matrix in cartesian axes

     q = (    0.250000000  -0.250000000  -0.250000000 ) 

    1    1
  0.20710556  0.00000000   -0.01953401  0.00000000   -0.01953401  0.00000000
 -0.01953401  0.00000000    0.20710556  0.00000000    0.01953401  0.00000000
 -0.01953401  0.00000000    0.01953401  0.00000000    0.20710556  0.00000000
    1    2
 -0.15376514 -0.05017462   -0.02965332  0.03886934   -0.02965332  0.03886934
 -0.02965332  0.03886934   -0.15376514 -0.05017462    0.02965332 -0.03886934
 -0.02965332  0.03886934    0.02965332 -0.03886934   -0.15376514 -0.05017462
    2    1
 -0.15376514  0.05017462   -0.02965332 -0.03886934   -0.02965332 -0.03886934
 -0.02965332 -0.03886934   -0.15376514  0.05017462    0.02965332  0.03886934
 -0.02965332 -0.03886934    0.02965332  0.03886934   -0.15376514  0.05017462
    2    2
  0.22120026  0.00000000   -0.01621902  0.00000000   -0.01621902  0.00000000
 -0.01621902  0.00000000    0.22120026  0.00000000    0.01621902  0.00000000
 -0.01621902  0.00000000    0.01621902  0.00000000    0.22120026  0.00000000

     Dynamical  Matrix in cartesian axes

     q = (   -0.250000000   0.250000000   0.250000000 ) 

    1    1
  0.20710556  0.00000000   -0.01953401  0.00000000   -0.01953401  0.00000000
 -0.01953401  0.00000000    0.20710556  0.00000000    0.01953401  0.00000000
 -0.01953401  0.00000000    0.01953401  0.00000000    0.20710556  0.00000000
    1    2
 -0.15376514  0.05017462   -0.02965332 -0.03886934   -0.02965332 -0.03886934
 -0.02965332 -0.03886934   -0.15376514  0.05017462    0.02965332  0.03886934
 -0.02965332 -0.03886934    0.02965332  0.03886934   -0.15376514  0.05017462
    2    1
 -0.15376514 -0.05017462   -0.02965332  0.03886934   -0.02965332  0.03886934
 -0.02965332  0.03886934   -0.15376514 -0.05017462    0.02965332 -0.03886934
 -0.02965332  0.03886934    0.02965332 -0.03886934   -0.15376514 -0.05017462
    2    2
  0.22120026  0.00000000   -0.01621902  0.00000000   -0.01621902  0.00000000
 -0.01621902  0.00000000    0.22120026  0.00000000    0.01621902  0.00000000
 -0.01621902  0.00000000    0.01621902  0.00000000    0.22120026  0.00000000

     Dynamical  Matrix in cartesian axes

     q = (   -0.250000000  -0.250000000   0.250000000 ) 

    1    1
  0.20710556  0.00000000    0.01953401  0.00000000   -0.01953401  0.00000000
  0.01953401  0.00000000    0.20710556  0.00000000   -0.01953401  0.00000000
 -0.01953401  0.00000000   -0.01953401  0.00000000    0.20710556  0.00000000
    1    2
 -0.15376514 -0.05017462    0.02965332 -0.03886934   -0.02965332  0.03886934
  0.02965332 -0.03886934   -0.15376514 -0.05017462   -0.02965332  0.03886934
 -0.02965332  0.03886934   -0.02965332  0.03886934   -0.15376514 -0.05017462
    2    1
 -0.15376514  0.05017462    0.02965332  0.03886934   -0.02965332 -0.03886934
  0.02965332  0.03886934   -0.15376514  0.05017462   -0.02965332 -0.03886934
 -0.02965332 -0.03886934   -0.02965332 -0.03886934   -0.15376514  0.05017462
    2    2
  0.22120026  0.00000000    0.01621902  0.00000000   -0.01621902  0.00000000
  0.01621902  0.00000000    0.22120026  0.00000000   -0.01621902  0.00000000
 -0.01621902  0.00000000   -0.01621902  0.00000000    0.22120026  0.00000000

     Dynamical  Matrix in cartesian axes

     q = (    0.250000000   0.250000000  -0.250000000 ) 

    1    1
  0.20710556  0.00000000    0.01953401  0.00000000   -0.01953401  0.00000000
  0.01953401  0.00000000    0.20710556  0.00000000   -0.01953401  0.00000000
 -0.01953401  0.00000000   -0.01953401  0.00000000    0.20710556  0.00000000
    1    2
 -0.15376514  0.05017462    0.02965332  0.03886934   -0.02965332 -0.03886934
  0.02965332  0.03886934   -0.15376514  0.05017462   -0.02965332 -0.03886934
 -0.02965332 -0.03886934   -0.02965332 -0.03886934   -0.15376514  0.05017462
    2    1
 -0.15376514 -0.05017462    0.02965332 -0.03886934   -0.02965332  0.03886934
  0.02965332 -0.03886934   -0.15376514 -0.05017462   -0.02965332  0.03886934
 -0.02965332  0.03886934   -0.02965332  0.03886934   -0.15376514 -0.05017462
    2    2
  0.22120026  0.00000000    0.01621902  0.00000000   -0.01621902  0.00000000
  0.01621902  0.00000000    0.22120026  0.00000000   -0.01621902  0.00000000
 -0.01621902  0.00000000   -0.01621902  0.00000000    0.22120026  0.00000000

     Dynamical  Matrix in cartesian axes

     q = (    0.250000000   0.250000000   0.250000000 ) 

    1    1
  0.20710556  0.00000000    0.01953401  0.00000000    0.01953401  0.00000000
  0.01953401  0.00000000    0.20710556  0.00000000    0.01953401  0.00000000
  0.01953401  0.00000000    0.01953401  0.00000000    0.20710556  0.00000000
    1    2
 -0.05017462  0.15376514   -0.03886934 -0.02965332   -0.03886934 -0.02965332
 -0.03886934 -0.02965332   -0.05017462  0.15376514   -0.03886934 -0.02965332
 -0.03886934 -0.02965332   -0.03886934 -0.02965332   -0.05017462  0.15376514
    2    1
 -0.05017462 -0.15376514   -0.03886934  0.02965332   -0.03886934  0.02965332
 -0.03886934  0.02965332   -0.05017462 -0.15376514   -0.03886934  0.02965332
 -0.03886934  0.02965332   -0.03886934  0.02965332   -0.05017462 -0.15376514
    2    2
  0.22120026  0.00000000    0.01621902  0.00000000    0.01621902  0.00000000
  0.01621902  0.00000000    0.22120026  0.00000000    0.01621902  0.00000000
  0.01621902  0.00000000    0.01621902  0.00000000    0.22120026  0.00000000

     Dynamical  Matrix in cartesian axes

     q = (   -0.250000000  -0.250000000  -0.250000000 ) 

    1    1
  0.20710556  0.00000000    0.01953401  0.00000000    0.01953401  0.00000000
  0.01953401  0.00000000    0.20710556  0.00000000    0.01953401  0.00000000
  0.01953401  0.00000000    0.01953401  0.00000000    0.20710556  0.00000000
    1    2
 -0.05017462 -0.15376514   -0.03886934  0.02965332   -0.03886934  0.02965332
 -0.03886934  0.02965332   -0.05017462 -0.15376514   -0.03886934  0.02965332
 -0.03886934  0.02965332   -0.03886934  0.02965332   -0.05017462 -0.15376514
    2    1
 -0.05017462  0.15376514   -0.03886934 -0.02965332   -0.03886934 -0.02965332
 -0.03886934 -0.02965332   -0.05017462  0.15376514   -0.03886934 -0.02965332
 -0.03886934 -0.02965332   -0.03886934 -0.02965332   -0.05017462  0.15376514
    2    2
  0.22120026  0.00000000    0.01621902  0.00000000    0.01621902  0.00000000
  0.01621902  0.00000000    0.22120026  0.00000000    0.01621902  0.00000000
  0.01621902  0.00000000    0.01621902  0.00000000    0.22120026  0.00000000

     Diagonalizing the dynamical matrix

     q = (   -0.250000000   0.250000000  -0.250000000 ) 

 **************************************************************************
     freq (    1) =       1.422505 [THz] =      47.449665 [cm-1]
 ( -0.543670  0.103173 -0.439762  0.109578  0.103908  0.006405 ) 
 ( -0.512723  0.130428 -0.413193  0.130428  0.099530  0.000000 ) 
     freq (    2) =       1.422505 [THz] =      47.449665 [cm-1]
 ( -0.201790 -0.036932  0.378028 -0.001194  0.579818  0.035738 ) 
 ( -0.194728 -0.023374  0.360660 -0.023374  0.555388  0.000000 ) 
     freq (    3) =       3.863173 [THz] =     128.861588 [cm-1]
 ( -0.242871 -0.328890  0.242871  0.328890 -0.242871 -0.328890 ) 
 ( -0.407650 -0.000000  0.407650  0.000000 -0.407650  0.000000 ) 
     freq (    4) =       7.900024 [THz] =     263.516423 [cm-1]
 (  0.469729 -0.245332  0.408438 -0.249110 -0.061292 -0.003778 ) 
 ( -0.441673  0.266481 -0.381899  0.266481  0.059774  0.000000 ) 
     freq (    5) =       7.900024 [THz] =     263.516423 [cm-1]
 ( -0.244034 -0.043989  0.336714 -0.008194  0.580748  0.035795 ) 
 (  0.239725  0.028124 -0.326644  0.028124 -0.566368  0.000000 ) 
     freq (    6) =       8.197697 [THz] =     273.445741 [cm-1]
 ( -0.250729 -0.339530  0.250729  0.339530 -0.250729 -0.339530 ) 
 (  0.393938  0.000000 -0.393938  0.000000  0.393938  0.000000 ) 
 **************************************************************************
