Dynamical matrix file
                                                                           
  2    2  2 10.6867000  0.0000000  0.0000000  0.0000000  0.0000000  0.0000000
           1  'Ga  '    63548.6268941884     
           2  'As  '    68286.8563741160     
    1    1      0.0000000000      0.0000000000      0.0000000000
    2    2      0.2500000000      0.2500000000      0.2500000000

     Dynamical  Matrix in cartesian axes

     q = (    0.250000000   0.000000000   0.250000000 ) 

    1    1
  0.20651191  0.00000000   -0.00000000 -0.01265273    0.01598380  0.00000000
  0.00000000  0.01265273    0.19630810  0.00000000    0.00000000  0.01265273
  0.01598380  0.00000000    0.00000000 -0.01265273    0.20651191  0.00000000
    1    2
 -0.12401760  0.12401760   -0.02900531 -0.02900531    0.00761911 -0.00761911
 -0.04240064 -0.04240064   -0.12006552  0.12006552   -0.04240064 -0.04240064
  0.00761911 -0.00761911   -0.02900531 -0.02900531   -0.12401760  0.12401760
    2    1
 -0.12401760 -0.12401760   -0.04240064  0.04240064    0.00761911  0.00761911
 -0.02900531  0.02900531   -0.12006552 -0.12006552   -0.02900531  0.02900531
  0.00761911  0.00761911   -0.04240064  0.04240064   -0.12401760 -0.12401760
    2    2
  0.22120190  0.00000000    0.00000000 -0.00947002    0.01848132  0.00000000
  0.00000000  0.00947002    0.21373182  0.00000000    0.00000000  0.00947002
  0.01848132  0.00000000    0.00000000 -0.00947002    0.22120190  0.00000000

     Dynamical  Matrix in cartesian axes

     q = (   -0.250000000   0.000000000  -0.250000000 ) 

    1    1
  0.20651191 -0.00000000   -0.00000000  0.01265273    0.01598380 -0.00000000
  0.00000000 -0.01265273    0.19630810 -0.00000000    0.00000000 -0.01265273
  0.01598380 -0.00000000    0.00000000  0.01265273    0.20651191 -0.00000000
    1    2
 -0.12401760 -0.12401760   -0.02900531  0.02900531    0.00761911  0.00761911
 -0.04240064  0.04240064   -0.12006552 -0.12006552   -0.04240064  0.04240064
  0.00761911  0.00761911   -0.02900531  0.02900531   -0.12401760 -0.12401760
    2    1
 -0.12401760  0.12401760   -0.04240064 -0.04240064    0.00761911 -0.00761911
 -0.02900531 -0.02900531   -0.12006552  0.12006552   -0.02900531 -0.02900531
  0.00761911 -0.00761911   -0.04240064 -0.04240064   -0.12401760  0.12401760
    2    2
  0.22120190  0.00000000    0.00000000  0.00947002    0.01848132  0.00000000
  0.00000000 -0.00947002    0.21373182  0.00000000    0.00000000 -0.00947002
  0.01848132  0.00000000    0.00000000  0.00947002    0.22120190  0.00000000

     Dynamical  Matrix in cartesian axes

     q = (    0.000000000  -0.250000000   0.250000000 ) 

    1    1
  0.19630810  0.00000000    0.00000000  0.01265273    0.00000000 -0.01265273
 -0.00000000 -0.01265273    0.20651191  0.00000000   -0.01598380 -0.00000000
  0.00000000  0.01265273   -0.01598380 -0.00000000    0.20651191  0.00000000
    1    2
 -0.16979829  0.00000000    0.00000000 -0.05996355    0.00000000  0.05996355
  0.00000000 -0.04101970   -0.17538737  0.00000000   -0.01077505  0.00000000
  0.00000000  0.04101970   -0.01077505  0.00000000   -0.17538737  0.00000000
    2    1
 -0.16979829 -0.00000000   -0.00000000  0.04101970    0.00000000 -0.04101970
  0.00000000  0.05996355   -0.17538737 -0.00000000   -0.01077505 -0.00000000
  0.00000000 -0.05996355   -0.01077505  0.00000000   -0.17538737 -0.00000000
    2    2
  0.21373182  0.00000000    0.00000000  0.00947002    0.00000000 -0.00947002
 -0.00000000 -0.00947002    0.22120190  0.00000000   -0.01848132  0.00000000
 -0.00000000  0.00947002   -0.01848132  0.00000000    0.22120190  0.00000000

     Dynamical  Matrix in cartesian axes

     q = (   -0.250000000   0.000000000   0.250000000 ) 

    1    1
  0.20651191  0.00000000   -0.00000000 -0.01265273   -0.01598380  0.00000000
  0.00000000  0.01265273    0.19630810  0.00000000    0.00000000 -0.01265273
 -0.01598380  0.00000000    0.00000000  0.01265273    0.20651191  0.00000000
    1    2
 -0.17538737  0.00000000    0.00000000 -0.04101970   -0.01077505  0.00000000
  0.00000000 -0.05996355   -0.16979829 -0.00000000    0.00000000  0.05996355
 -0.01077505  0.00000000    0.00000000  0.04101970   -0.17538737  0.00000000
    2    1
 -0.17538737 -0.00000000    0.00000000  0.05996355   -0.01077505  0.00000000
 -0.00000000  0.04101970   -0.16979829 -0.00000000   -0.00000000 -0.04101970
 -0.01077505  0.00000000    0.00000000 -0.05996355   -0.17538737 -0.00000000
    2    2
  0.22120190  0.00000000    0.00000000 -0.00947002   -0.01848132  0.00000000
  0.00000000  0.00947002    0.21373182  0.00000000    0.00000000 -0.00947002
 -0.01848132  0.00000000    0.00000000  0.00947002    0.22120190  0.00000000

     Dynamical  Matrix in cartesian axes

     q = (    0.250000000   0.000000000  -0.250000000 ) 

    1    1
  0.20651191  0.00000000   -0.00000000  0.01265273   -0.01598380  0.00000000
  0.00000000 -0.01265273    0.19630810 -0.00000000    0.00000000  0.01265273
 -0.01598380  0.00000000    0.00000000 -0.01265273    0.20651191  0.00000000
    1    2
 -0.17538737 -0.00000000    0.00000000  0.04101970   -0.01077505  0.00000000
 -0.00000000  0.05996355   -0.16979829  0.00000000    0.00000000 -0.05996355
 -0.01077505  0.00000000    0.00000000 -0.04101970   -0.17538737 -0.00000000
    2    1
 -0.17538737 -0.00000000    0.00000000 -0.05996355   -0.01077505  0.00000000
  0.00000000 -0.04101970   -0.16979829 -0.00000000    0.00000000  0.04101970
 -0.01077505  0.00000000    0.00000000  0.05996355   -0.17538737 -0.00000000
    2    2
  0.22120190  0.00000000    0.00000000  0.00947002   -0.01848132  0.00000000
  0.00000000 -0.00947002    0.21373182  0.00000000    0.00000000  0.00947002
 -0.01848132  0.00000000    0.00000000 -0.00947002    0.22120190  0.00000000

     Dynamical  Matrix in cartesian axes

     q = (    0.250000000   0.250000000   0.000000000 ) 

    1    1
  0.20651191 -0.00000000    0.01598380 -0.00000000    0.00000000 -0.01265273
  0.01598380 -0.00000000    0.20651191 -0.00000000    0.00000000 -0.01265273
  0.00000000  0.01265273    0.00000000  0.01265273    0.19630810 -0.00000000
    1    2
 -0.12401760  0.12401760    0.00761911 -0.00761911   -0.02900531 -0.02900531
  0.00761911 -0.00761911   -0.12401760  0.12401760   -0.02900531 -0.02900531
 -0.04240064 -0.04240064   -0.04240064 -0.04240064   -0.12006552  0.12006552
    2    1
 -0.12401760 -0.12401760    0.00761911  0.00761911   -0.04240064  0.04240064
  0.00761911  0.00761911   -0.12401760 -0.12401760   -0.04240064  0.04240064
 -0.02900531  0.02900531   -0.02900531  0.02900531   -0.12006552 -0.12006552
    2    2
  0.22120190  0.00000000    0.01848132  0.00000000    0.00000000 -0.00947002
  0.01848132  0.00000000    0.22120190  0.00000000   -0.00000000 -0.00947002
  0.00000000  0.00947002    0.00000000  0.00947002    0.21373182  0.00000000

     Dynamical  Matrix in cartesian axes

     q = (   -0.250000000  -0.250000000   0.000000000 ) 

    1    1
  0.20651191  0.00000000    0.01598380  0.00000000    0.00000000  0.01265273
  0.01598380  0.00000000    0.20651191  0.00000000    0.00000000  0.01265273
  0.00000000 -0.01265273    0.00000000 -0.01265273    0.19630810  0.00000000
    1    2
 -0.12401760 -0.12401760    0.00761911  0.00761911   -0.02900531  0.02900531
  0.00761911  0.00761911   -0.12401760 -0.12401760   -0.02900531  0.02900531
 -0.04240064  0.04240064   -0.04240064  0.04240064   -0.12006552 -0.12006552
    2    1
 -0.12401760  0.12401760    0.00761911 -0.00761911   -0.04240064 -0.04240064
  0.00761911 -0.00761911   -0.12401760  0.12401760   -0.04240064 -0.04240064
 -0.02900531 -0.02900531   -0.02900531 -0.02900531   -0.12006552  0.12006552
    2    2
  0.22120190  0.00000000    0.01848132  0.00000000    0.00000000  0.00947002
  0.01848132  0.00000000    0.22120190  0.00000000   -0.00000000  0.00947002
  0.00000000 -0.00947002    0.00000000 -0.00947002    0.21373182  0.00000000

     Dynamical  Matrix in cartesian axes

     q = (   -0.250000000   0.250000000   0.000000000 ) 

    1    1
  0.20651191  0.00000000   -0.01598380 -0.00000000    0.00000000 -0.01265273
 -0.01598380 -0.00000000    0.20651191  0.00000000    0.00000000  0.01265273
  0.00000000  0.01265273    0.00000000 -0.01265273    0.19630810  0.00000000
    1    2
 -0.17538737  0.00000000   -0.01077505  0.00000000    0.00000000 -0.04101970
 -0.01077505  0.00000000   -0.17538737  0.00000000    0.00000000  0.04101970
  0.00000000 -0.05996355    0.00000000  0.05996355   -0.16979829 -0.00000000
    2    1
 -0.17538737 -0.00000000   -0.01077505  0.00000000   -0.00000000  0.05996355
 -0.01077505 -0.00000000   -0.17538737 -0.00000000    0.00000000 -0.05996355
  0.00000000  0.04101970    0.00000000 -0.04101970   -0.16979829  0.00000000
    2    2
  0.22120190  0.00000000   -0.01848132  0.00000000    0.00000000 -0.00947002
 -0.01848132  0.00000000    0.22120190  0.00000000    0.00000000  0.00947002
  0.00000000  0.00947002    0.00000000 -0.00947002    0.21373182  0.00000000

     Dynamical  Matrix in cartesian axes

     q = (    0.000000000   0.250000000   0.250000000 ) 

    1    1
  0.19630810  0.00000000    0.00000000  0.01265273    0.00000000  0.01265273
 -0.00000000 -0.01265273    0.20651191  0.00000000    0.01598380 -0.00000000
  0.00000000 -0.01265273    0.01598380 -0.00000000    0.20651191  0.00000000
    1    2
 -0.12006552  0.12006552   -0.04240064 -0.04240064   -0.04240064 -0.04240064
 -0.02900531 -0.02900531   -0.12401760  0.12401760    0.00761911 -0.00761911
 -0.02900531 -0.02900531    0.00761911 -0.00761911   -0.12401760  0.12401760
    2    1
 -0.12006552 -0.12006552   -0.02900531  0.02900531   -0.02900531  0.02900531
 -0.04240064  0.04240064   -0.12401760 -0.12401760    0.00761911  0.00761911
 -0.04240064  0.04240064    0.00761911  0.00761911   -0.12401760 -0.12401760
    2    2
  0.21373182  0.00000000    0.00000000  0.00947002    0.00000000  0.00947002
  0.00000000 -0.00947002    0.22120190  0.00000000    0.01848132  0.00000000
  0.00000000 -0.00947002    0.01848132  0.00000000    0.22120190  0.00000000

     Dynamical  Matrix in cartesian axes

     q = (    0.000000000   0.250000000  -0.250000000 ) 

    1    1
  0.19630810 -0.00000000    0.00000000 -0.01265273    0.00000000  0.01265273
 -0.00000000  0.01265273    0.20651191 -0.00000000   -0.01598380  0.00000000
  0.00000000 -0.01265273   -0.01598380  0.00000000    0.20651191 -0.00000000
    1    2
 -0.16979829  0.00000000    0.00000000  0.05996355    0.00000000 -0.05996355
  0.00000000  0.04101970   -0.17538737  0.00000000   -0.01077505  0.00000000
  0.00000000 -0.04101970   -0.01077505  0.00000000   -0.17538737  0.00000000
    2    1
 -0.16979829 -0.00000000    0.00000000 -0.04101970   -0.00000000  0.04101970
  0.00000000 -0.05996355   -0.17538737 -0.00000000   -0.01077505  0.00000000
 -0.00000000  0.05996355   -0.01077505 -0.00000000   -0.17538737 -0.00000000
    2    2
  0.21373182  0.00000000    0.00000000 -0.00947002    0.00000000  0.00947002
 -0.00000000  0.00947002    0.22120190  0.00000000   -0.01848132  0.00000000
 -0.00000000 -0.00947002   -0.01848132  0.00000000    0.22120190  0.00000000

     Dynamical  Matrix in cartesian axes

     q = (    0.000000000  -0.250000000  -0.250000000 ) 

    1    1
  0.19630810 -0.00000000    0.00000000 -0.01265273    0.00000000 -0.01265273
 -0.00000000  0.01265273    0.20651191 -0.00000000    0.01598380  0.00000000
  0.00000000  0.01265273    0.01598380  0.00000000    0.20651191 -0.00000000
    1    2
 -0.12006552 -0.12006552   -0.04240064  0.04240064   -0.04240064  0.04240064
 -0.02900531  0.02900531   -0.12401760 -0.12401760    0.00761911  0.00761911
 -0.02900531  0.02900531    0.00761911  0.00761911   -0.12401760 -0.12401760
    2    1
 -0.12006552  0.12006552   -0.02900531 -0.02900531   -0.02900531 -0.02900531
 -0.04240064 -0.04240064   -0.12401760  0.12401760    0.00761911 -0.00761911
 -0.04240064 -0.04240064    0.00761911 -0.00761911   -0.12401760  0.12401760
    2    2
  0.21373182  0.00000000    0.00000000 -0.00947002    0.00000000 -0.00947002
  0.00000000  0.00947002    0.22120190  0.00000000    0.01848132  0.00000000
  0.00000000  0.00947002    0.01848132  0.00000000    0.22120190  0.00000000

     Dynamical  Matrix in cartesian axes

     q = (    0.250000000  -0.250000000   0.000000000 ) 

    1    1
  0.20651191  0.00000000   -0.01598380 -0.00000000    0.00000000  0.01265273
 -0.01598380 -0.00000000    0.20651191  0.00000000    0.00000000 -0.01265273
  0.00000000 -0.01265273    0.00000000  0.01265273    0.19630810  0.00000000
    1    2
 -0.17538737 -0.00000000   -0.01077505  0.00000000    0.00000000  0.04101970
 -0.01077505  0.00000000   -0.17538737 -0.00000000    0.00000000 -0.04101970
 -0.00000000  0.05996355    0.00000000 -0.05996355   -0.16979829  0.00000000
    2    1
 -0.17538737 -0.00000000   -0.01077505  0.00000000    0.00000000 -0.05996355
 -0.01077505  0.00000000   -0.17538737 -0.00000000    0.00000000  0.05996355
  0.00000000 -0.04101970    0.00000000  0.04101970   -0.16979829 -0.00000000
    2    2
  0.22120190  0.00000000   -0.01848132  0.00000000    0.00000000  0.00947002
 -0.01848132  0.00000000    0.22120190  0.00000000    0.00000000 -0.00947002
  0.00000000 -0.00947002    0.00000000  0.00947002    0.21373182  0.00000000

     Diagonalizing the dynamical matrix

     q = (    0.250000000   0.000000000   0.250000000 ) 

 **************************************************************************
     freq (    1) =       1.305107 [THz] =      43.533686 [cm-1]
 ( -0.358945  0.358945 -0.000000  0.000000  0.358945 -0.358945 ) 
 ( -0.492258  0.000000 -0.000000 -0.000000  0.492258  0.000000 ) 
     freq (    2) =       1.821315 [THz] =      60.752540 [cm-1]
 ( -0.080989  0.080989  0.505563  0.505563 -0.080989  0.080989 ) 
 (  0.080772 -0.000000  0.000000  0.670468  0.080772  0.000000 ) 
     freq (    3) =       2.913521 [THz] =      97.184592 [cm-1]
 ( -0.344005  0.344005 -0.118389 -0.118389 -0.344005  0.344005 ) 
 ( -0.490806  0.000000 -0.000000  0.129727 -0.490806  0.000000 ) 
     freq (    4) =       7.799591 [THz] =     260.166365 [cm-1]
 ( -0.264646  0.264646  0.343778  0.343778 -0.264646  0.264646 ) 
 (  0.182760  0.000000  0.000000 -0.645507  0.182760  0.000000 ) 
     freq (    5) =       7.929428 [THz] =     264.497233 [cm-1]
 (  0.360754 -0.360754  0.000000 -0.000000 -0.360754  0.360754 ) 
 ( -0.489605 -0.000000 -0.000000  0.000000  0.489605  0.000000 ) 
     freq (    6) =       8.399480 [THz] =     280.176484 [cm-1]
 ( -0.253367  0.253367 -0.360363 -0.360363 -0.253367  0.253367 ) 
 (  0.448906  0.000000 -0.000000  0.283663  0.448906  0.000000 ) 
 **************************************************************************
