Dynamical matrix file
                                                                           
  2    2  2 10.6867000  0.0000000  0.0000000  0.0000000  0.0000000  0.0000000
           1  'Ga  '    63548.6268941884     
           2  'As  '    68286.8563741160     
    1    1      0.0000000000      0.0000000000      0.0000000000
    2    2      0.2500000000      0.2500000000      0.2500000000

     Dynamical  Matrix in cartesian axes

     q = (    0.500000000   0.000000000   0.500000000 ) 

    1    1
  0.19115000  0.00000000    0.00000000 -0.01361288    0.01291010  0.00000000
  0.00000000  0.01361288    0.20911470  0.00000000    0.00000000  0.01361288
  0.01291010  0.00000000    0.00000000 -0.01361288    0.19115000  0.00000000
    1    2
  0.00000000  0.09558549   -0.07167797  0.00000000    0.00000000 -0.07265663
 -0.08596255  0.00000000   -0.00000000  0.10680692   -0.08596255  0.00000000
  0.00000000 -0.07265663   -0.07167797 -0.00000000    0.00000000  0.09558549
    2    1
  0.00000000 -0.09558549   -0.08596255  0.00000000    0.00000000  0.07265663
 -0.07167797  0.00000000    0.00000000 -0.10680692   -0.07167797  0.00000000
  0.00000000  0.07265663   -0.08596255  0.00000000   -0.00000000 -0.09558549
    2    2
  0.23127863  0.00000000    0.00000000 -0.01541775    0.02098688  0.00000000
  0.00000000  0.01541775    0.24096336  0.00000000    0.00000000  0.01541775
  0.02098688  0.00000000    0.00000000 -0.01541775    0.23127863  0.00000000

     Dynamical  Matrix in cartesian axes

     q = (   -0.500000000   0.000000000  -0.500000000 ) 

    1    1
  0.19115000  0.00000000    0.00000000  0.01361288    0.01291010  0.00000000
  0.00000000 -0.01361288    0.20911470  0.00000000    0.00000000 -0.01361288
  0.01291010  0.00000000    0.00000000  0.01361288    0.19115000  0.00000000
    1    2
  0.00000000 -0.09558549   -0.07167797 -0.00000000    0.00000000  0.07265663
 -0.08596255  0.00000000   -0.00000000 -0.10680692   -0.08596255  0.00000000
  0.00000000  0.07265663   -0.07167797  0.00000000    0.00000000 -0.09558549
    2    1
 -0.00000000  0.09558549   -0.08596255 -0.00000000   -0.00000000 -0.07265663
 -0.07167797 -0.00000000   -0.00000000  0.10680692   -0.07167797 -0.00000000
 -0.00000000 -0.07265663   -0.08596255 -0.00000000   -0.00000000  0.09558549
    2    2
  0.23127863  0.00000000    0.00000000  0.01541775    0.02098688  0.00000000
  0.00000000 -0.01541775    0.24096336  0.00000000    0.00000000 -0.01541775
  0.02098688  0.00000000    0.00000000  0.01541775    0.23127863  0.00000000

     Dynamical  Matrix in cartesian axes

     q = (    0.000000000  -0.500000000   0.500000000 ) 

    1    1
  0.20911470  0.00000000    0.00000000  0.01361288    0.00000000 -0.01361288
  0.00000000 -0.01361288    0.19115000  0.00000000   -0.01291010  0.00000000
  0.00000000  0.01361288   -0.01291010  0.00000000    0.19115000  0.00000000
    1    2
 -0.10680692  0.00000000    0.00000000 -0.08596255    0.00000000  0.08596255
 -0.00000000 -0.07167797   -0.09558549  0.00000000   -0.07265663  0.00000000
  0.00000000  0.07167797   -0.07265663  0.00000000   -0.09558549  0.00000000
    2    1
 -0.10680692  0.00000000    0.00000000  0.07167797   -0.00000000 -0.07167797
  0.00000000  0.08596255   -0.09558549  0.00000000   -0.07265663  0.00000000
 -0.00000000 -0.08596255   -0.07265663  0.00000000   -0.09558549  0.00000000
    2    2
  0.24096336  0.00000000    0.00000000  0.01541775   -0.00000000 -0.01541775
  0.00000000 -0.01541775    0.23127863  0.00000000   -0.02098688  0.00000000
  0.00000000  0.01541775   -0.02098688  0.00000000    0.23127863  0.00000000

     Dynamical  Matrix in cartesian axes

     q = (   -0.500000000   0.000000000   0.500000000 ) 

    1    1
  0.19115000  0.00000000    0.00000000 -0.01361288   -0.01291010  0.00000000
  0.00000000  0.01361288    0.20911470  0.00000000    0.00000000 -0.01361288
 -0.01291010  0.00000000    0.00000000  0.01361288    0.19115000  0.00000000
    1    2
 -0.09558549 -0.00000000    0.00000000 -0.07167797   -0.07265663  0.00000000
 -0.00000000 -0.08596255   -0.10680692  0.00000000    0.00000000  0.08596255
 -0.07265663  0.00000000   -0.00000000  0.07167797   -0.09558549 -0.00000000
    2    1
 -0.09558549  0.00000000    0.00000000  0.08596255   -0.07265663  0.00000000
  0.00000000  0.07167797   -0.10680692  0.00000000   -0.00000000 -0.07167797
 -0.07265663  0.00000000   -0.00000000 -0.08596255   -0.09558549  0.00000000
    2    2
  0.23127863  0.00000000    0.00000000 -0.01541775   -0.02098688  0.00000000
  0.00000000  0.01541775    0.24096336  0.00000000   -0.00000000 -0.01541775
 -0.02098688  0.00000000   -0.00000000  0.01541775    0.23127863  0.00000000

     Dynamical  Matrix in cartesian axes

     q = (    0.500000000   0.000000000  -0.500000000 ) 

    1    1
  0.19115000  0.00000000    0.00000000  0.01361288   -0.01291010  0.00000000
  0.00000000 -0.01361288    0.20911470  0.00000000    0.00000000  0.01361288
 -0.01291010  0.00000000    0.00000000 -0.01361288    0.19115000  0.00000000
    1    2
 -0.09558549 -0.00000000   -0.00000000  0.07167797   -0.07265663  0.00000000
  0.00000000  0.08596255   -0.10680692  0.00000000    0.00000000 -0.08596255
 -0.07265663  0.00000000    0.00000000 -0.07167797   -0.09558549 -0.00000000
    2    1
 -0.09558549  0.00000000   -0.00000000 -0.08596255   -0.07265663  0.00000000
  0.00000000 -0.07167797   -0.10680692  0.00000000    0.00000000  0.07167797
 -0.07265663  0.00000000    0.00000000  0.08596255   -0.09558549  0.00000000
    2    2
  0.23127863  0.00000000    0.00000000  0.01541775   -0.02098688  0.00000000
 -0.00000000 -0.01541775    0.24096336  0.00000000    0.00000000  0.01541775
 -0.02098688  0.00000000    0.00000000 -0.01541775    0.23127863  0.00000000

     Dynamical  Matrix in cartesian axes

     q = (    0.500000000   0.500000000   0.000000000 ) 

    1    1
  0.19115000  0.00000000    0.01291010  0.00000000    0.00000000 -0.01361288
  0.01291010  0.00000000    0.19115000  0.00000000    0.00000000 -0.01361288
  0.00000000  0.01361288    0.00000000  0.01361288    0.20911470  0.00000000
    1    2
  0.00000000  0.09558549    0.00000000 -0.07265663   -0.07167797 -0.00000000
  0.00000000 -0.07265663   -0.00000000  0.09558549   -0.07167797  0.00000000
 -0.08596255  0.00000000   -0.08596255  0.00000000   -0.00000000  0.10680692
    2    1
 -0.00000000 -0.09558549    0.00000000  0.07265663   -0.08596255  0.00000000
  0.00000000  0.07265663   -0.00000000 -0.09558549   -0.08596255  0.00000000
 -0.07167797  0.00000000   -0.07167797  0.00000000    0.00000000 -0.10680692
    2    2
  0.23127863  0.00000000    0.02098688  0.00000000    0.00000000 -0.01541775
  0.02098688  0.00000000    0.23127863  0.00000000    0.00000000 -0.01541775
 -0.00000000  0.01541775   -0.00000000  0.01541775    0.24096336  0.00000000

     Dynamical  Matrix in cartesian axes

     q = (   -0.500000000  -0.500000000   0.000000000 ) 

    1    1
  0.19115000  0.00000000    0.01291010  0.00000000    0.00000000  0.01361288
  0.01291010  0.00000000    0.19115000  0.00000000    0.00000000  0.01361288
  0.00000000 -0.01361288    0.00000000 -0.01361288    0.20911470  0.00000000
    1    2
  0.00000000 -0.09558549    0.00000000  0.07265663   -0.07167797  0.00000000
  0.00000000  0.07265663   -0.00000000 -0.09558549   -0.07167797 -0.00000000
 -0.08596255  0.00000000   -0.08596255  0.00000000   -0.00000000 -0.10680692
    2    1
 -0.00000000  0.09558549   -0.00000000 -0.07265663   -0.08596255 -0.00000000
 -0.00000000 -0.07265663   -0.00000000  0.09558549   -0.08596255  0.00000000
 -0.07167797  0.00000000   -0.07167797  0.00000000   -0.00000000  0.10680692
    2    2
  0.23127863  0.00000000    0.02098688  0.00000000    0.00000000  0.01541775
  0.02098688  0.00000000    0.23127863  0.00000000    0.00000000  0.01541775
 -0.00000000 -0.01541775   -0.00000000 -0.01541775    0.24096336  0.00000000

     Dynamical  Matrix in cartesian axes

     q = (   -0.500000000   0.500000000   0.000000000 ) 

    1    1
  0.19115000  0.00000000   -0.01291010  0.00000000    0.00000000 -0.01361288
 -0.01291010  0.00000000    0.19115000  0.00000000    0.00000000  0.01361288
  0.00000000  0.01361288    0.00000000 -0.01361288    0.20911470  0.00000000
    1    2
 -0.09558549 -0.00000000   -0.07265663  0.00000000    0.00000000 -0.07167797
 -0.07265663  0.00000000   -0.09558549 -0.00000000   -0.00000000  0.07167797
 -0.00000000 -0.08596255    0.00000000  0.08596255   -0.10680692  0.00000000
    2    1
 -0.09558549 -0.00000000   -0.07265663  0.00000000    0.00000000  0.08596255
 -0.07265663  0.00000000   -0.09558549 -0.00000000   -0.00000000 -0.08596255
  0.00000000  0.07167797   -0.00000000 -0.07167797   -0.10680692 -0.00000000
    2    2
  0.23127863  0.00000000   -0.02098688  0.00000000    0.00000000 -0.01541775
 -0.02098688  0.00000000    0.23127863  0.00000000   -0.00000000  0.01541775
  0.00000000  0.01541775   -0.00000000 -0.01541775    0.24096336  0.00000000

     Dynamical  Matrix in cartesian axes

     q = (    0.000000000   0.500000000   0.500000000 ) 

    1    1
  0.20911470  0.00000000    0.00000000  0.01361288    0.00000000  0.01361288
  0.00000000 -0.01361288    0.19115000  0.00000000    0.01291010  0.00000000
  0.00000000 -0.01361288    0.01291010  0.00000000    0.19115000  0.00000000
    1    2
  0.00000000  0.10680692   -0.08596255 -0.00000000   -0.08596255  0.00000000
 -0.07167797 -0.00000000   -0.00000000  0.09558549   -0.00000000 -0.07265663
 -0.07167797 -0.00000000   -0.00000000 -0.07265663    0.00000000  0.09558549
    2    1
  0.00000000 -0.10680692   -0.07167797  0.00000000   -0.07167797  0.00000000
 -0.08596255  0.00000000    0.00000000 -0.09558549    0.00000000  0.07265663
 -0.08596255  0.00000000    0.00000000  0.07265663    0.00000000 -0.09558549
    2    2
  0.24096336  0.00000000    0.00000000  0.01541775    0.00000000  0.01541775
  0.00000000 -0.01541775    0.23127863  0.00000000    0.02098688  0.00000000
  0.00000000 -0.01541775    0.02098688  0.00000000    0.23127863  0.00000000

     Dynamical  Matrix in cartesian axes

     q = (    0.000000000   0.500000000  -0.500000000 ) 

    1    1
  0.20911470  0.00000000    0.00000000 -0.01361288    0.00000000  0.01361288
  0.00000000  0.01361288    0.19115000  0.00000000   -0.01291010  0.00000000
  0.00000000 -0.01361288   -0.01291010  0.00000000    0.19115000  0.00000000
    1    2
 -0.10680692  0.00000000    0.00000000  0.08596255    0.00000000 -0.08596255
 -0.00000000  0.07167797   -0.09558549  0.00000000   -0.07265663  0.00000000
  0.00000000 -0.07167797   -0.07265663  0.00000000   -0.09558549  0.00000000
    2    1
 -0.10680692  0.00000000    0.00000000 -0.07167797    0.00000000  0.07167797
  0.00000000 -0.08596255   -0.09558549  0.00000000   -0.07265663  0.00000000
  0.00000000  0.08596255   -0.07265663  0.00000000   -0.09558549  0.00000000
    2    2
  0.24096336  0.00000000    0.00000000 -0.01541775   -0.00000000  0.01541775
  0.00000000  0.01541775    0.23127863  0.00000000   -0.02098688  0.00000000
  0.00000000 -0.01541775   -0.02098688  0.00000000    0.23127863  0.00000000

     Dynamical  Matrix in cartesian axes

     q = (    0.000000000  -0.500000000  -0.500000000 ) 

    1    1
  0.20911470  0.00000000    0.00000000 -0.01361288    0.00000000 -0.01361288
  0.00000000  0.01361288    0.19115000  0.00000000    0.01291010  0.00000000
  0.00000000  0.01361288    0.01291010  0.00000000    0.19115000  0.00000000
    1    2
 -0.00000000 -0.10680692   -0.08596255  0.00000000   -0.08596255  0.00000000
 -0.07167797  0.00000000    0.00000000 -0.09558549    0.00000000  0.07265663
 -0.07167797  0.00000000    0.00000000  0.07265663    0.00000000 -0.09558549
    2    1
 -0.00000000  0.10680692   -0.07167797 -0.00000000   -0.07167797 -0.00000000
 -0.08596255  0.00000000   -0.00000000  0.09558549    0.00000000 -0.07265663
 -0.08596255 -0.00000000    0.00000000 -0.07265663   -0.00000000  0.09558549
    2    2
  0.24096336  0.00000000   -0.00000000 -0.01541775   -0.00000000 -0.01541775
  0.00000000  0.01541775    0.23127863  0.00000000    0.02098688  0.00000000
 -0.00000000  0.01541775    0.02098688  0.00000000    0.23127863  0.00000000

     Dynamical  Matrix in cartesian axes

     q = (    0.500000000  -0.500000000   0.000000000 ) 

    1    1
  0.19115000  0.00000000   -0.01291010  0.00000000    0.00000000  0.01361288
 -0.01291010  0.00000000    0.19115000  0.00000000    0.00000000 -0.01361288
  0.00000000 -0.01361288    0.00000000  0.01361288    0.20911470  0.00000000
    1    2
 -0.09558549 -0.00000000   -0.07265663  0.00000000   -0.00000000  0.07167797
 -0.07265663  0.00000000   -0.09558549  0.00000000    0.00000000 -0.07167797
  0.00000000  0.08596255   -0.00000000 -0.08596255   -0.10680692  0.00000000
    2    1
 -0.09558549 -0.00000000   -0.07265663  0.00000000   -0.00000000 -0.08596255
 -0.07265663  0.00000000   -0.09558549 -0.00000000    0.00000000  0.08596255
  0.00000000 -0.07167797    0.00000000  0.07167797   -0.10680692 -0.00000000
    2    2
  0.23127863  0.00000000   -0.02098688  0.00000000   -0.00000000  0.01541775
 -0.02098688  0.00000000    0.23127863  0.00000000    0.00000000 -0.01541775
 -0.00000000 -0.01541775    0.00000000  0.01541775    0.24096336  0.00000000

     Diagonalizing the dynamical matrix

     q = (    0.500000000   0.000000000   0.500000000 ) 

 **************************************************************************
     freq (    1) =       2.039997 [THz] =      68.046974 [cm-1]
 ( -0.000000  0.521891 -0.000000 -0.000000  0.000000 -0.521891 ) 
 ( -0.477106 -0.000000  0.000000 -0.000000  0.477106  0.000000 ) 
     freq (    2) =       2.937434 [THz] =      97.982248 [cm-1]
 (  0.000000  0.290591  0.654141  0.000000 -0.000000  0.290591 ) 
 (  0.206632  0.000000 -0.000000  0.563755  0.206632  0.000000 ) 
     freq (    3) =       4.783736 [THz] =     159.568241 [cm-1]
 (  0.000000  0.417472 -0.383048 -0.000000  0.000000  0.417472 ) 
 ( -0.442147  0.000000  0.000000  0.337225 -0.442147  0.000000 ) 
     freq (    4) =       7.103967 [THz] =     236.962834 [cm-1]
 (  0.000000  0.495427 -0.212931  0.000000  0.000000  0.495427 ) 
 (  0.334165 -0.000000 -0.000000 -0.490338  0.334165  0.000000 ) 
     freq (    5) =       7.715225 [THz] =     257.352217 [cm-1]
 ( -0.000000 -0.495528  0.000000 -0.000000  0.000000  0.495528 ) 
 ( -0.504432  0.000000  0.000000 -0.000000  0.504432  0.000000 ) 
     freq (    6) =       8.158631 [THz] =     272.142624 [cm-1]
 (  0.000000 -0.115531 -0.644946  0.000000 -0.000000 -0.115531 ) 
 (  0.364440 -0.000000  0.000000  0.540107  0.364440  0.000000 ) 
 **************************************************************************
